1	157
2	114
3	63
4	48
5	48
6	46
7	45
8	44
9	43
10	42
11	42
12	38
13	37
14	37
15	34
16	34
17	33
18	33
19	32
20	32
21	31
22	31
23	31
24	31
25	31
26	30
27	30
28	30
29	30
30	30
31	30
32	29
33	29
34	29
35	29
36	29
37	28
38	28
39	27
40	27
41	26
42	26
43	26
44	26
45	25
46	25
47	25
48	25
49	25
50	25
51	25
52	24
53	24
54	24
55	24
56	24
57	24
58	24
59	24
60	23
61	23
62	23
63	23
64	23
65	22
66	22
67	22
68	22
69	22
70	22
71	22
72	22
73	22
74	22
75	22
76	21
77	21
78	21
79	21
80	21
81	21
82	21
83	21
84	20
85	20
86	20
87	20
88	20
89	20
90	20
91	20
92	19
93	19
94	19
95	19
96	19
97	19
98	19
99	19
100	19
101	18
102	18
103	18
104	18
105	18
106	18
107	18
108	18
109	18
110	18
111	18
112	18
113	17
114	17
115	17
116	17
117	17
118	17
119	17
120	17
121	17
122	17
123	17
124	17
125	17
126	17
127	16
128	16
129	16
130	16
131	16
132	16
133	16
134	16
135	16
136	16
137	16
138	16
139	16
140	16
141	16
142	16
143	16
144	16
145	16
146	16
147	16
148	16
149	16
150	16
151	15
152	15
153	15
154	15
155	15
156	15
157	15
158	15
159	15
160	15
161	15
162	15
163	15
164	15
165	15
166	15
167	15
168	15
169	15
170	15
171	15
172	15
173	15
174	15
175	15
176	15
177	15
178	15
179	15
180	15
181	15
182	14
183	14
184	14
185	14
186	14
187	14
188	14
189	14
190	14
191	14
192	14
193	14
194	14
195	14
196	14
197	14
198	14
199	14
200	14
201	14
202	14
203	14
204	14
205	14
206	14
207	14
208	14
209	14
210	14
211	14
212	14
213	14
214	14
215	14
216	14
217	14
218	14
219	14
220	14
221	14
222	14
223	13
224	13
225	13
226	13
227	13
228	13
229	13
230	13
231	13
232	13
233	13
234	13
235	13
236	13
237	13
238	13
239	13
240	13
241	13
242	13
243	13
244	13
245	13
246	13
247	13
248	13
249	13
250	13
251	13
252	13
253	13
254	13
255	13
256	13
257	13
258	13
259	12
260	12
261	12
262	12
263	12
264	12
265	12
266	12
267	12
268	12
269	12
270	12
271	12
272	12
273	12
274	12
275	12
276	12
277	12
278	12
279	12
280	12
281	12
282	12
283	12
284	12
285	12
286	12
287	12
288	12
289	12
290	12
291	12
292	12
293	12
294	12
295	12
296	12
297	12
298	12
299	12
300	12
301	12
302	12
303	12
304	12
305	12
306	12
307	12
308	12
309	12
310	12
311	12
312	12
313	12
314	12
315	12
316	12
317	12
318	12
319	12
320	12
321	12
322	12
323	12
324	12
325	12
326	12
327	12
328	12
329	12
330	12
331	12
332	12
333	12
334	12
335	11
336	11
337	11
338	11
339	11
340	11
341	11
342	11
343	11
344	11
345	11
346	11
347	11
348	11
349	11
350	11
351	11
352	11
353	11
354	11
355	11
356	11
357	11
358	11
359	11
360	11
361	11
362	11
363	11
364	11
365	11
366	11
367	11
368	11
369	11
370	11
371	11
372	11
373	11
374	11
375	11
376	11
377	11
378	11
379	11
380	11
381	11
382	11
383	11
384	11
385	11
386	11
387	11
388	11
389	11
390	11
391	11
392	11
393	11
394	11
395	11
396	11
397	11
398	11
399	11
400	11
401	11
402	11
403	11
404	11
405	11
406	11
407	11
408	11
409	11
410	11
411	11
412	11
413	10
414	10
415	10
416	10
417	10
418	10
419	10
420	10
421	10
422	10
423	10
424	10
425	10
426	10
427	10
428	10
429	10
430	10
431	10
432	10
433	10
434	10
435	10
436	10
437	10
438	10
439	10
440	10
441	10
442	10
443	10
444	10
445	10
446	10
447	10
448	10
449	10
450	10
451	10
452	10
453	10
454	10
455	10
456	10
457	10
458	10
459	10
460	10
461	10
462	10
463	10
464	10
465	10
466	10
467	10
468	10
469	10
470	10
471	10
472	10
473	10
474	10
475	10
476	10
477	10
478	10
479	10
480	10
481	10
482	10
483	10
484	10
485	10
486	10
487	10
488	10
489	10
490	10
491	10
492	10
493	10
494	10
495	10
496	10
497	10
498	10
499	10
500	10
501	10
502	10
503	10
504	10
505	10
506	10
507	9
508	9
509	9
510	9
511	9
512	9
513	9
514	9
515	9
516	9
517	9
518	9
519	9
520	9
521	9
522	9
523	9
524	9
525	9
526	9
527	9
528	9
529	9
530	9
531	9
532	9
533	9
534	9
535	9
536	9
537	9
538	9
539	9
540	9
541	9
542	9
543	9
544	9
545	9
546	9
547	9
548	9
549	9
550	9
551	9
552	9
553	9
554	9
555	9
556	9
557	9
558	9
559	9
560	9
561	9
562	9
563	9
564	9
565	9
566	9
567	9
568	9
569	9
570	9
571	9
572	9
573	9
574	9
575	9
576	9
577	9
578	9
579	9
580	9
581	9
582	9
583	9
584	9
585	9
586	9
587	9
588	9
589	9
590	9
591	9
592	9
593	9
594	9
595	9
596	9
597	9
598	9
599	9
600	9
601	9
602	9
603	9
604	9
605	9
606	9
607	9
608	9
609	9
610	9
611	9
612	9
613	9
614	9
615	9
616	9
617	9
618	9
619	9
620	9
621	9
622	9
623	9
624	9
625	9
626	9
627	9
628	9
629	9
630	9
631	9
632	9
633	9
634	9
635	9
636	9
637	9
638	9
639	9
640	9
641	9
642	9
643	9
644	9
645	9
646	9
647	9
648	9
649	9
650	9
651	8
652	8
653	8
654	8
655	8
656	8
657	8
658	8
659	8
660	8
661	8
662	8
663	8
664	8
665	8
666	8
667	8
668	8
669	8
670	8
671	8
672	8
673	8
674	8
675	8
676	8
677	8
678	8
679	8
680	8
681	8
682	8
683	8
684	8
685	8
686	8
687	8
688	8
689	8
690	8
691	8
692	8
693	8
694	8
695	8
696	8
697	8
698	8
699	8
700	8
701	8
702	8
703	8
704	8
705	8
706	8
707	8
708	8
709	8
710	8
711	8
712	8
713	8
714	8
715	8
716	8
717	8
718	8
719	8
720	8
721	8
722	8
723	8
724	8
725	8
726	8
727	8
728	8
729	8
730	8
731	8
732	8
733	8
734	8
735	8
736	8
737	8
738	8
739	8
740	8
741	8
742	8
743	8
744	8
745	8
746	8
747	8
748	8
749	8
750	8
751	8
752	8
753	8
754	8
755	8
756	8
757	8
758	8
759	8
760	8
761	8
762	8
763	8
764	8
765	8
766	8
767	8
768	8
769	8
770	8
771	8
772	8
773	8
774	8
775	8
776	8
777	8
778	8
779	8
780	8
781	8
782	8
783	8
784	8
785	8
786	8
787	8
788	8
789	8
790	8
791	8
792	8
793	8
794	8
795	8
796	8
797	8
798	8
799	8
800	8
801	8
802	8
803	8
804	8
805	8
806	8
807	8
808	8
809	8
810	8
811	8
812	8
813	8
814	8
815	8
816	8
817	8
818	8
819	8
820	8
821	8
822	8
823	8
824	8
825	8
826	8
827	8
828	8
829	8
830	8
831	8
832	8
833	8
834	8
835	8
836	8
837	8
838	8
839	8
840	8
841	8
842	8
843	8
844	8
845	8
846	8
847	8
848	8
849	8
850	8
851	8
852	8
853	8
854	8
855	8
856	8
857	8
858	8
859	8
860	8
861	8
862	8
863	8
864	8
865	8
866	8
867	8
868	8
869	8
870	8
871	7
872	7
873	7
874	7
875	7
876	7
877	7
878	7
879	7
880	7
881	7
882	7
883	7
884	7
885	7
886	7
887	7
888	7
889	7
890	7
891	7
892	7
893	7
894	7
895	7
896	7
897	7
898	7
899	7
900	7
901	7
902	7
903	7
904	7
905	7
906	7
907	7
908	7
909	7
910	7
911	7
912	7
913	7
914	7
915	7
916	7
917	7
918	7
919	7
920	7
921	7
922	7
923	7
924	7
925	7
926	7
927	7
928	7
929	7
930	7
931	7
932	7
933	7
934	7
935	7
936	7
937	7
938	7
939	7
940	7
941	7
942	7
943	7
944	7
945	7
946	7
947	7
948	7
949	7
950	7
951	7
952	7
953	7
954	7
955	7
956	7
957	7
958	7
959	7
960	7
961	7
962	7
963	7
964	7
965	7
966	7
967	7
968	7
969	7
970	7
971	7
972	7
973	7
974	7
975	7
976	7
977	7
978	7
979	7
980	7
981	7
982	7
983	7
984	7
985	7
986	7
987	7
988	7
989	7
990	7
991	7
992	7
993	7
994	7
995	7
996	7
997	7
998	7
999	7
1000	7
1001	7
1002	7
1003	7
1004	7
1005	7
1006	7
1007	7
1008	7
1009	7
1010	7
1011	7
1012	7
1013	7
1014	7
1015	7
1016	7
1017	7
1018	7
1019	7
1020	7
1021	7
1022	7
1023	7
1024	7
1025	7
1026	7
1027	7
1028	7
1029	7
1030	7
1031	7
1032	7
1033	7
1034	7
1035	7
1036	7
1037	7
1038	7
1039	7
1040	7
1041	7
1042	7
1043	7
1044	7
1045	7
1046	7
1047	7
1048	7
1049	7
1050	7
1051	7
1052	7
1053	7
1054	7
1055	7
1056	7
1057	7
1058	7
1059	7
1060	7
1061	7
1062	7
1063	7
1064	7
1065	7
1066	7
1067	7
1068	7
1069	7
1070	7
1071	7
1072	7
1073	7
1074	7
1075	7
1076	7
1077	7
1078	7
1079	7
1080	7
1081	7
1082	7
1083	7
1084	7
1085	7
1086	7
1087	7
1088	7
1089	7
1090	7
1091	7
1092	7
1093	7
1094	7
1095	7
1096	7
1097	7
1098	7
1099	7
1100	7
1101	7
1102	7
1103	7
1104	7
1105	7
1106	7
1107	7
1108	7
1109	7
1110	7
1111	7
1112	7
1113	7
1114	7
1115	7
1116	7
1117	7
1118	7
1119	7
1120	7
1121	7
1122	7
1123	7
1124	7
1125	7
1126	7
1127	7
1128	7
1129	7
1130	7
1131	7
1132	7
1133	7
1134	7
1135	7
1136	7
1137	7
1138	7
1139	7
1140	7
1141	7
1142	7
1143	7
1144	7
1145	7
1146	7
1147	7
1148	7
1149	7
1150	7
1151	7
1152	7
1153	7
1154	7
1155	7
1156	7
1157	7
1158	7
1159	7
1160	7
1161	7
1162	7
1163	7
1164	7
1165	7
1166	7
1167	7
1168	7
1169	7
1170	7
1171	7
1172	7
1173	7
1174	7
1175	7
1176	7
1177	7
1178	7
1179	7
1180	7
1181	7
1182	7
1183	7
1184	7
1185	7
1186	7
1187	7
1188	7
1189	7
1190	7
1191	7
1192	7
1193	7
1194	7
1195	7
1196	7
1197	7
1198	7
1199	7
1200	7
1201	7
1202	7
1203	7
1204	7
1205	7
1206	7
1207	7
1208	7
1209	7
1210	7
1211	7
1212	7
1213	7
1214	7
1215	7
1216	7
1217	7
1218	7
1219	7
1220	6
1221	6
1222	6
1223	6
1224	6
1225	6
1226	6
1227	6
1228	6
1229	6
1230	6
1231	6
1232	6
1233	6
1234	6
1235	6
1236	6
1237	6
1238	6
1239	6
1240	6
1241	6
1242	6
1243	6
1244	6
1245	6
1246	6
1247	6
1248	6
1249	6
1250	6
1251	6
1252	6
1253	6
1254	6
1255	6
1256	6
1257	6
1258	6
1259	6
1260	6
1261	6
1262	6
1263	6
1264	6
1265	6
1266	6
1267	6
1268	6
1269	6
1270	6
1271	6
1272	6
1273	6
1274	6
1275	6
1276	6
1277	6
1278	6
1279	6
1280	6
1281	6
1282	6
1283	6
1284	6
1285	6
1286	6
1287	6
1288	6
1289	6
1290	6
1291	6
1292	6
1293	6
1294	6
1295	6
1296	6
1297	6
1298	6
1299	6
1300	6
1301	6
1302	6
1303	6
1304	6
1305	6
1306	6
1307	6
1308	6
1309	6
1310	6
1311	6
1312	6
1313	6
1314	6
1315	6
1316	6
1317	6
1318	6
1319	6
1320	6
1321	6
1322	6
1323	6
1324	6
1325	6
1326	6
1327	6
1328	6
1329	6
1330	6
1331	6
1332	6
1333	6
1334	6
1335	6
1336	6
1337	6
1338	6
1339	6
1340	6
1341	6
1342	6
1343	6
1344	6
1345	6
1346	6
1347	6
1348	6
1349	6
1350	6
1351	6
1352	6
1353	6
1354	6
1355	6
1356	6
1357	6
1358	6
1359	6
1360	6
1361	6
1362	6
1363	6
1364	6
1365	6
1366	6
1367	6
1368	6
1369	6
1370	6
1371	6
1372	6
1373	6
1374	6
1375	6
1376	6
1377	6
1378	6
1379	6
1380	6
1381	6
1382	6
1383	6
1384	6
1385	6
1386	6
1387	6
1388	6
1389	6
1390	6
1391	6
1392	6
1393	6
1394	6
1395	6
1396	6
1397	6
1398	6
1399	6
1400	6
1401	6
1402	6
1403	6
1404	6
1405	6
1406	6
1407	6
1408	6
1409	6
1410	6
1411	6
1412	6
1413	6
1414	6
1415	6
1416	6
1417	6
1418	6
1419	6
1420	6
1421	6
1422	6
1423	6
1424	6
1425	6
1426	6
1427	6
1428	6
1429	6
1430	6
1431	6
1432	6
1433	6
1434	6
1435	6
1436	6
1437	6
1438	6
1439	6
1440	6
1441	6
1442	6
1443	6
1444	6
1445	6
1446	6
1447	6
1448	6
1449	6
1450	6
1451	6
1452	6
1453	6
1454	6
1455	6
1456	6
1457	6
1458	6
1459	6
1460	6
1461	6
1462	6
1463	6
1464	6
1465	6
1466	6
1467	6
1468	6
1469	6
1470	6
1471	6
1472	6
1473	6
1474	6
1475	6
1476	6
1477	6
1478	6
1479	6
1480	6
1481	6
1482	6
1483	6
1484	6
1485	6
1486	6
1487	6
1488	6
1489	6
1490	6
1491	6
1492	6
1493	6
1494	6
1495	6
1496	6
1497	6
1498	6
1499	6
1500	6
1501	6
1502	6
1503	6
1504	6
1505	6
1506	6
1507	6
1508	6
1509	6
1510	6
1511	6
1512	6
1513	6
1514	6
1515	6
1516	6
1517	6
1518	6
1519	6
1520	6
1521	6
1522	6
1523	6
1524	6
1525	6
1526	6
1527	6
1528	6
1529	6
1530	6
1531	6
1532	6
1533	6
1534	6
1535	6
1536	6
1537	6
1538	6
1539	6
1540	6
1541	6
1542	6
1543	6
1544	6
1545	6
1546	6
1547	6
1548	6
1549	6
1550	6
1551	6
1552	6
1553	6
1554	6
1555	6
1556	6
1557	6
1558	6
1559	6
1560	6
1561	6
1562	6
1563	6
1564	6
1565	6
1566	6
1567	6
1568	6
1569	6
1570	6
1571	6
1572	6
1573	6
1574	6
1575	6
1576	6
1577	6
1578	6
1579	6
1580	6
1581	6
1582	6
1583	6
1584	6
1585	6
1586	6
1587	6
1588	6
1589	6
1590	6
1591	6
1592	6
1593	6
1594	6
1595	6
1596	6
1597	6
1598	6
1599	6
1600	6
1601	6
1602	6
1603	6
1604	6
1605	6
1606	6
1607	6
1608	6
1609	6
1610	6
1611	6
1612	6
1613	6
1614	6
1615	6
1616	6
1617	6
1618	6
1619	6
1620	6
1621	6
1622	6
1623	6
1624	6
1625	6
1626	6
1627	6
1628	6
1629	6
1630	6
1631	6
1632	6
1633	6
1634	6
1635	6
1636	6
1637	6
1638	6
1639	6
1640	6
1641	6
1642	6
1643	6
1644	6
1645	6
1646	6
1647	6
1648	6
1649	6
1650	6
1651	6
1652	6
1653	6
1654	6
1655	6
1656	6
1657	6
1658	6
1659	6
1660	6
1661	6
1662	6
1663	6
1664	6
1665	6
1666	6
1667	6
1668	6
1669	6
1670	6
1671	6
1672	6
1673	6
1674	6
1675	6
1676	6
1677	6
1678	6
1679	6
1680	6
1681	6
1682	6
1683	6
1684	6
1685	6
1686	6
1687	6
1688	6
1689	6
1690	6
1691	6
1692	6
1693	6
1694	6
1695	6
1696	6
1697	6
1698	6
1699	6
1700	6
1701	6
1702	6
1703	6
1704	6
1705	6
1706	6
1707	6
1708	6
1709	6
1710	6
1711	6
1712	6
1713	6
1714	6
1715	6
1716	6
1717	6
1718	6
1719	6
1720	6
1721	6
1722	6
1723	6
1724	6
1725	6
1726	6
1727	6
1728	6
1729	6
1730	6
1731	6
1732	6
1733	6
1734	6
1735	6
1736	6
1737	6
1738	6
1739	6
1740	6
1741	6
1742	6
1743	6
1744	6
1745	6
1746	6
1747	6
1748	6
1749	6
1750	6
1751	6
1752	6
1753	6
1754	6
1755	6
1756	6
1757	6
1758	6
1759	6
1760	6
1761	6
1762	6
1763	6
1764	6
1765	6
1766	6
1767	6
1768	6
1769	6
1770	6
1771	5
1772	5
1773	5
1774	5
1775	5
1776	5
1777	5
1778	5
1779	5
1780	5
1781	5
1782	5
1783	5
1784	5
1785	5
1786	5
1787	5
1788	5
1789	5
1790	5
1791	5
1792	5
1793	5
1794	5
1795	5
1796	5
1797	5
1798	5
1799	5
1800	5
1801	5
1802	5
1803	5
1804	5
1805	5
1806	5
1807	5
1808	5
1809	5
1810	5
1811	5
1812	5
1813	5
1814	5
1815	5
1816	5
1817	5
1818	5
1819	5
1820	5
1821	5
1822	5
1823	5
1824	5
1825	5
1826	5
1827	5
1828	5
1829	5
1830	5
1831	5
1832	5
1833	5
1834	5
1835	5
1836	5
1837	5
1838	5
1839	5
1840	5
1841	5
1842	5
1843	5
1844	5
1845	5
1846	5
1847	5
1848	5
1849	5
1850	5
1851	5
1852	5
1853	5
1854	5
1855	5
1856	5
1857	5
1858	5
1859	5
1860	5
1861	5
1862	5
1863	5
1864	5
1865	5
1866	5
1867	5
1868	5
1869	5
1870	5
1871	5
1872	5
1873	5
1874	5
1875	5
1876	5
1877	5
1878	5
1879	5
1880	5
1881	5
1882	5
1883	5
1884	5
1885	5
1886	5
1887	5
1888	5
1889	5
1890	5
1891	5
1892	5
1893	5
1894	5
1895	5
1896	5
1897	5
1898	5
1899	5
1900	5
1901	5
1902	5
1903	5
1904	5
1905	5
1906	5
1907	5
1908	5
1909	5
1910	5
1911	5
1912	5
1913	5
1914	5
1915	5
1916	5
1917	5
1918	5
1919	5
1920	5
1921	5
1922	5
1923	5
1924	5
1925	5
1926	5
1927	5
1928	5
1929	5
1930	5
1931	5
1932	5
1933	5
1934	5
1935	5
1936	5
1937	5
1938	5
1939	5
1940	5
1941	5
1942	5
1943	5
1944	5
1945	5
1946	5
1947	5
1948	5
1949	5
1950	5
1951	5
1952	5
1953	5
1954	5
1955	5
1956	5
1957	5
1958	5
1959	5
1960	5
1961	5
1962	5
1963	5
1964	5
1965	5
1966	5
1967	5
1968	5
1969	5
1970	5
1971	5
1972	5
1973	5
1974	5
1975	5
1976	5
1977	5
1978	5
1979	5
1980	5
1981	5
1982	5
1983	5
1984	5
1985	5
1986	5
1987	5
1988	5
1989	5
1990	5
1991	5
1992	5
1993	5
1994	5
1995	5
1996	5
1997	5
1998	5
1999	5
2000	5
2001	5
2002	5
2003	5
2004	5
2005	5
2006	5
2007	5
2008	5
2009	5
2010	5
2011	5
2012	5
2013	5
2014	5
2015	5
2016	5
2017	5
2018	5
2019	5
2020	5
2021	5
2022	5
2023	5
2024	5
2025	5
2026	5
2027	5
2028	5
2029	5
2030	5
2031	5
2032	5
2033	5
2034	5
2035	5
2036	5
2037	5
2038	5
2039	5
2040	5
2041	5
2042	5
2043	5
2044	5
2045	5
2046	5
2047	5
2048	5
2049	5
2050	5
2051	5
2052	5
2053	5
2054	5
2055	5
2056	5
2057	5
2058	5
2059	5
2060	5
2061	5
2062	5
2063	5
2064	5
2065	5
2066	5
2067	5
2068	5
2069	5
2070	5
2071	5
2072	5
2073	5
2074	5
2075	5
2076	5
2077	5
2078	5
2079	5
2080	5
2081	5
2082	5
2083	5
2084	5
2085	5
2086	5
2087	5
2088	5
2089	5
2090	5
2091	5
2092	5
2093	5
2094	5
2095	5
2096	5
2097	5
2098	5
2099	5
2100	5
2101	5
2102	5
2103	5
2104	5
2105	5
2106	5
2107	5
2108	5
2109	5
2110	5
2111	5
2112	5
2113	5
2114	5
2115	5
2116	5
2117	5
2118	5
2119	5
2120	5
2121	5
2122	5
2123	5
2124	5
2125	5
2126	5
2127	5
2128	5
2129	5
2130	5
2131	5
2132	5
2133	5
2134	5
2135	5
2136	5
2137	5
2138	5
2139	5
2140	5
2141	5
2142	5
2143	5
2144	5
2145	5
2146	5
2147	5
2148	5
2149	5
2150	5
2151	5
2152	5
2153	5
2154	5
2155	5
2156	5
2157	5
2158	5
2159	5
2160	5
2161	5
2162	5
2163	5
2164	5
2165	5
2166	5
2167	5
2168	5
2169	5
2170	5
2171	5
2172	5
2173	5
2174	5
2175	5
2176	5
2177	5
2178	5
2179	5
2180	5
2181	5
2182	5
2183	5
2184	5
2185	5
2186	5
2187	5
2188	5
2189	5
2190	5
2191	5
2192	5
2193	5
2194	5
2195	5
2196	5
2197	5
2198	5
2199	5
2200	5
2201	5
2202	5
2203	5
2204	5
2205	5
2206	5
2207	5
2208	5
2209	5
2210	5
2211	5
2212	5
2213	5
2214	5
2215	5
2216	5
2217	5
2218	5
2219	5
2220	5
2221	5
2222	5
2223	5
2224	5
2225	5
2226	5
2227	5
2228	5
2229	5
2230	5
2231	5
2232	5
2233	5
2234	5
2235	5
2236	5
2237	5
2238	5
2239	5
2240	5
2241	5
2242	5
2243	5
2244	5
2245	5
2246	5
2247	5
2248	5
2249	5
2250	5
2251	5
2252	5
2253	5
2254	5
2255	5
2256	5
2257	5
2258	5
2259	5
2260	5
2261	5
2262	5
2263	5
2264	5
2265	5
2266	5
2267	5
2268	5
2269	5
2270	5
2271	5
2272	5
2273	5
2274	5
2275	5
2276	5
2277	5
2278	5
2279	5
2280	5
2281	5
2282	5
2283	5
2284	5
2285	5
2286	5
2287	5
2288	5
2289	5
2290	5
2291	5
2292	5
2293	5
2294	5
2295	5
2296	5
2297	5
2298	5
2299	5
2300	5
2301	5
2302	5
2303	5
2304	5
2305	5
2306	5
2307	5
2308	5
2309	5
2310	5
2311	5
2312	5
2313	5
2314	5
2315	5
2316	5
2317	5
2318	5
2319	5
2320	5
2321	5
2322	5
2323	5
2324	5
2325	5
2326	5
2327	5
2328	5
2329	5
2330	5
2331	5
2332	5
2333	5
2334	5
2335	5
2336	5
2337	5
2338	5
2339	5
2340	5
2341	5
2342	5
2343	5
2344	5
2345	5
2346	5
2347	5
2348	5
2349	5
2350	5
2351	5
2352	5
2353	5
2354	5
2355	5
2356	5
2357	5
2358	5
2359	5
2360	5
2361	5
2362	5
2363	5
2364	5
2365	5
2366	5
2367	5
2368	5
2369	5
2370	5
2371	5
2372	5
2373	5
2374	5
2375	5
2376	5
2377	5
2378	5
2379	5
2380	5
2381	5
2382	5
2383	5
2384	5
2385	5
2386	5
2387	5
2388	5
2389	5
2390	5
2391	5
2392	5
2393	5
2394	5
2395	5
2396	5
2397	5
2398	5
2399	5
2400	5
2401	5
2402	5
2403	5
2404	5
2405	5
2406	5
2407	5
2408	5
2409	5
2410	5
2411	5
2412	5
2413	5
2414	5
2415	5
2416	5
2417	5
2418	5
2419	5
2420	5
2421	5
2422	5
2423	5
2424	5
2425	5
2426	5
2427	5
2428	5
2429	5
2430	5
2431	5
2432	5
2433	5
2434	5
2435	5
2436	5
2437	5
2438	5
2439	5
2440	5
2441	5
2442	5
2443	5
2444	5
2445	5
2446	5
2447	5
2448	5
2449	5
2450	5
2451	5
2452	5
2453	5
2454	5
2455	5
2456	5
2457	5
2458	5
2459	5
2460	5
2461	5
2462	5
2463	5
2464	5
2465	5
2466	5
2467	5
2468	5
2469	5
2470	5
2471	5
2472	5
2473	5
2474	5
2475	5
2476	5
2477	5
2478	5
2479	5
2480	5
2481	5
2482	5
2483	5
2484	5
2485	5
2486	5
2487	5
2488	5
2489	5
2490	5
2491	5
2492	5
2493	5
2494	5
2495	5
2496	5
2497	5
2498	5
2499	5
2500	5
2501	5
2502	5
2503	5
2504	5
2505	5
2506	5
2507	5
2508	5
2509	5
2510	5
2511	5
2512	5
2513	5
2514	5
2515	5
2516	5
2517	5
2518	5
2519	5
2520	5
2521	5
2522	5
2523	5
2524	5
2525	5
2526	5
2527	5
2528	5
2529	5
2530	5
2531	5
2532	5
2533	5
2534	5
2535	5
2536	5
2537	5
2538	5
2539	5
2540	5
2541	5
2542	5
2543	5
2544	5
2545	5
2546	5
2547	5
2548	5
2549	5
2550	5
2551	5
2552	5
2553	5
2554	5
2555	5
2556	5
2557	5
2558	5
2559	5
2560	5
2561	5
2562	5
2563	5
2564	5
2565	5
2566	5
2567	5
2568	5
2569	5
2570	5
2571	5
2572	5
2573	5
2574	5
2575	5
2576	5
2577	5
2578	5
2579	5
2580	5
2581	5
2582	5
2583	5
2584	5
2585	5
2586	5
2587	5
2588	5
2589	5
2590	5
2591	5
2592	5
2593	5
2594	5
2595	5
2596	5
2597	5
2598	5
2599	5
2600	5
2601	5
2602	5
2603	5
2604	5
2605	5
2606	5
2607	5
2608	5
2609	5
2610	5
2611	5
2612	5
2613	5
2614	5
2615	5
2616	5
2617	5
2618	5
2619	5
2620	5
2621	5
2622	5
2623	5
2624	5
2625	5
2626	5
2627	5
2628	5
2629	5
2630	5
2631	5
2632	5
2633	5
2634	5
2635	5
2636	5
2637	5
2638	5
2639	5
2640	5
2641	5
2642	5
2643	5
2644	5
2645	5
2646	5
2647	5
2648	5
2649	5
2650	5
2651	5
2652	5
2653	5
2654	5
2655	5
2656	5
2657	5
2658	5
2659	5
2660	5
2661	5
2662	5
2663	5
2664	5
2665	5
2666	5
2667	5
2668	5
2669	5
2670	5
2671	5
2672	5
2673	5
2674	5
2675	5
2676	5
2677	5
2678	5
2679	5
2680	5
2681	5
2682	5
2683	5
2684	5
2685	5
2686	5
2687	5
2688	5
2689	5
2690	5
2691	5
2692	5
2693	5
2694	5
2695	5
2696	5
2697	5
2698	5
2699	5
2700	5
2701	5
2702	5
2703	5
2704	5
2705	5
2706	5
2707	5
2708	5
2709	5
2710	5
2711	5
2712	5
2713	5
2714	5
2715	5
2716	5
2717	5
2718	5
2719	5
2720	5
2721	5
2722	5
2723	5
2724	5
2725	5
2726	5
2727	5
2728	5
2729	5
2730	5
2731	5
2732	5
2733	5
2734	5
2735	5
2736	5
2737	5
2738	5
2739	5
2740	5
2741	5
2742	5
2743	5
2744	5
2745	5
2746	5
2747	5
2748	5
2749	5
2750	5
2751	5
2752	5
2753	5
2754	5
2755	5
2756	5
2757	5
2758	5
2759	5
2760	5
2761	4
2762	4
2763	4
2764	4
2765	4
2766	4
2767	4
2768	4
2769	4
2770	4
2771	4
2772	4
2773	4
2774	4
2775	4
2776	4
2777	4
2778	4
2779	4
2780	4
2781	4
2782	4
2783	4
2784	4
2785	4
2786	4
2787	4
2788	4
2789	4
2790	4
2791	4
2792	4
2793	4
2794	4
2795	4
2796	4
2797	4
2798	4
2799	4
2800	4
2801	4
2802	4
2803	4
2804	4
2805	4
2806	4
2807	4
2808	4
2809	4
2810	4
2811	4
2812	4
2813	4
2814	4
2815	4
2816	4
2817	4
2818	4
2819	4
2820	4
2821	4
2822	4
2823	4
2824	4
2825	4
2826	4
2827	4
2828	4
2829	4
2830	4
2831	4
2832	4
2833	4
2834	4
2835	4
2836	4
2837	4
2838	4
2839	4
2840	4
2841	4
2842	4
2843	4
2844	4
2845	4
2846	4
2847	4
2848	4
2849	4
2850	4
2851	4
2852	4
2853	4
2854	4
2855	4
2856	4
2857	4
2858	4
2859	4
2860	4
2861	4
2862	4
2863	4
2864	4
2865	4
2866	4
2867	4
2868	4
2869	4
2870	4
2871	4
2872	4
2873	4
2874	4
2875	4
2876	4
2877	4
2878	4
2879	4
2880	4
2881	4
2882	4
2883	4
2884	4
2885	4
2886	4
2887	4
2888	4
2889	4
2890	4
2891	4
2892	4
2893	4
2894	4
2895	4
2896	4
2897	4
2898	4
2899	4
2900	4
2901	4
2902	4
2903	4
2904	4
2905	4
2906	4
2907	4
2908	4
2909	4
2910	4
2911	4
2912	4
2913	4
2914	4
2915	4
2916	4
2917	4
2918	4
2919	4
2920	4
2921	4
2922	4
2923	4
2924	4
2925	4
2926	4
2927	4
2928	4
2929	4
2930	4
2931	4
2932	4
2933	4
2934	4
2935	4
2936	4
2937	4
2938	4
2939	4
2940	4
2941	4
2942	4
2943	4
2944	4
2945	4
2946	4
2947	4
2948	4
2949	4
2950	4
2951	4
2952	4
2953	4
2954	4
2955	4
2956	4
2957	4
2958	4
2959	4
2960	4
2961	4
2962	4
2963	4
2964	4
2965	4
2966	4
2967	4
2968	4
2969	4
2970	4
2971	4
2972	4
2973	4
2974	4
2975	4
2976	4
2977	4
2978	4
2979	4
2980	4
2981	4
2982	4
2983	4
2984	4
2985	4
2986	4
2987	4
2988	4
2989	4
2990	4
2991	4
2992	4
2993	4
2994	4
2995	4
2996	4
2997	4
2998	4
2999	4
3000	4
3001	4
3002	4
3003	4
3004	4
3005	4
3006	4
3007	4
3008	4
3009	4
3010	4
3011	4
3012	4
3013	4
3014	4
3015	4
3016	4
3017	4
3018	4
3019	4
3020	4
3021	4
3022	4
3023	4
3024	4
3025	4
3026	4
3027	4
3028	4
3029	4
3030	4
3031	4
3032	4
3033	4
3034	4
3035	4
3036	4
3037	4
3038	4
3039	4
3040	4
3041	4
3042	4
3043	4
3044	4
3045	4
3046	4
3047	4
3048	4
3049	4
3050	4
3051	4
3052	4
3053	4
3054	4
3055	4
3056	4
3057	4
3058	4
3059	4
3060	4
3061	4
3062	4
3063	4
3064	4
3065	4
3066	4
3067	4
3068	4
3069	4
3070	4
3071	4
3072	4
3073	4
3074	4
3075	4
3076	4
3077	4
3078	4
3079	4
3080	4
3081	4
3082	4
3083	4
3084	4
3085	4
3086	4
3087	4
3088	4
3089	4
3090	4
3091	4
3092	4
3093	4
3094	4
3095	4
3096	4
3097	4
3098	4
3099	4
3100	4
3101	4
3102	4
3103	4
3104	4
3105	4
3106	4
3107	4
3108	4
3109	4
3110	4
3111	4
3112	4
3113	4
3114	4
3115	4
3116	4
3117	4
3118	4
3119	4
3120	4
3121	4
3122	4
3123	4
3124	4
3125	4
3126	4
3127	4
3128	4
3129	4
3130	4
3131	4
3132	4
3133	4
3134	4
3135	4
3136	4
3137	4
3138	4
3139	4
3140	4
3141	4
3142	4
3143	4
3144	4
3145	4
3146	4
3147	4
3148	4
3149	4
3150	4
3151	4
3152	4
3153	4
3154	4
3155	4
3156	4
3157	4
3158	4
3159	4
3160	4
3161	4
3162	4
3163	4
3164	4
3165	4
3166	4
3167	4
3168	4
3169	4
3170	4
3171	4
3172	4
3173	4
3174	4
3175	4
3176	4
3177	4
3178	4
3179	4
3180	4
3181	4
3182	4
3183	4
3184	4
3185	4
3186	4
3187	4
3188	4
3189	4
3190	4
3191	4
3192	4
3193	4
3194	4
3195	4
3196	4
3197	4
3198	4
3199	4
3200	4
3201	4
3202	4
3203	4
3204	4
3205	4
3206	4
3207	4
3208	4
3209	4
3210	4
3211	4
3212	4
3213	4
3214	4
3215	4
3216	4
3217	4
3218	4
3219	4
3220	4
3221	4
3222	4
3223	4
3224	4
3225	4
3226	4
3227	4
3228	4
3229	4
3230	4
3231	4
3232	4
3233	4
3234	4
3235	4
3236	4
3237	4
3238	4
3239	4
3240	4
3241	4
3242	4
3243	4
3244	4
3245	4
3246	4
3247	4
3248	4
3249	4
3250	4
3251	4
3252	4
3253	4
3254	4
3255	4
3256	4
3257	4
3258	4
3259	4
3260	4
3261	4
3262	4
3263	4
3264	4
3265	4
3266	4
3267	4
3268	4
3269	4
3270	4
3271	4
3272	4
3273	4
3274	4
3275	4
3276	4
3277	4
3278	4
3279	4
3280	4
3281	4
3282	4
3283	4
3284	4
3285	4
3286	4
3287	4
3288	4
3289	4
3290	4
3291	4
3292	4
3293	4
3294	4
3295	4
3296	4
3297	4
3298	4
3299	4
3300	4
3301	4
3302	4
3303	4
3304	4
3305	4
3306	4
3307	4
3308	4
3309	4
3310	4
3311	4
3312	4
3313	4
3314	4
3315	4
3316	4
3317	4
3318	4
3319	4
3320	4
3321	4
3322	4
3323	4
3324	4
3325	4
3326	4
3327	4
3328	4
3329	4
3330	4
3331	4
3332	4
3333	4
3334	4
3335	4
3336	4
3337	4
3338	4
3339	4
3340	4
3341	4
3342	4
3343	4
3344	4
3345	4
3346	4
3347	4
3348	4
3349	4
3350	4
3351	4
3352	4
3353	4
3354	4
3355	4
3356	4
3357	4
3358	4
3359	4
3360	4
3361	4
3362	4
3363	4
3364	4
3365	4
3366	4
3367	4
3368	4
3369	4
3370	4
3371	4
3372	4
3373	4
3374	4
3375	4
3376	4
3377	4
3378	4
3379	4
3380	4
3381	4
3382	4
3383	4
3384	4
3385	4
3386	4
3387	4
3388	4
3389	4
3390	4
3391	4
3392	4
3393	4
3394	4
3395	4
3396	4
3397	4
3398	4
3399	4
3400	4
3401	4
3402	4
3403	4
3404	4
3405	4
3406	4
3407	4
3408	4
3409	4
3410	4
3411	4
3412	4
3413	4
3414	4
3415	4
3416	4
3417	4
3418	4
3419	4
3420	4
3421	4
3422	4
3423	4
3424	4
3425	4
3426	4
3427	4
3428	4
3429	4
3430	4
3431	4
3432	4
3433	4
3434	4
3435	4
3436	4
3437	4
3438	4
3439	4
3440	4
3441	4
3442	4
3443	4
3444	4
3445	4
3446	4
3447	4
3448	4
3449	4
3450	4
3451	4
3452	4
3453	4
3454	4
3455	4
3456	4
3457	4
3458	4
3459	4
3460	4
3461	4
3462	4
3463	4
3464	4
3465	4
3466	4
3467	4
3468	4
3469	4
3470	4
3471	4
3472	4
3473	4
3474	4
3475	4
3476	4
3477	4
3478	4
3479	4
3480	4
3481	4
3482	4
3483	4
3484	4
3485	4
3486	4
3487	4
3488	4
3489	4
3490	4
3491	4
3492	4
3493	4
3494	4
3495	4
3496	4
3497	4
3498	4
3499	4
3500	4
3501	4
3502	4
3503	4
3504	4
3505	4
3506	4
3507	4
3508	4
3509	4
3510	4
3511	4
3512	4
3513	4
3514	4
3515	4
3516	4
3517	4
3518	4
3519	4
3520	4
3521	4
3522	4
3523	4
3524	4
3525	4
3526	4
3527	4
3528	4
3529	4
3530	4
3531	4
3532	4
3533	4
3534	4
3535	4
3536	4
3537	4
3538	4
3539	4
3540	4
3541	4
3542	4
3543	4
3544	4
3545	4
3546	4
3547	4
3548	4
3549	4
3550	4
3551	4
3552	4
3553	4
3554	4
3555	4
3556	4
3557	4
3558	4
3559	4
3560	4
3561	4
3562	4
3563	4
3564	4
3565	4
3566	4
3567	4
3568	4
3569	4
3570	4
3571	4
3572	4
3573	4
3574	4
3575	4
3576	4
3577	4
3578	4
3579	4
3580	4
3581	4
3582	4
3583	4
3584	4
3585	4
3586	4
3587	4
3588	4
3589	4
3590	4
3591	4
3592	4
3593	4
3594	4
3595	4
3596	4
3597	4
3598	4
3599	4
3600	4
3601	4
3602	4
3603	4
3604	4
3605	4
3606	4
3607	4
3608	4
3609	4
3610	4
3611	4
3612	4
3613	4
3614	4
3615	4
3616	4
3617	4
3618	4
3619	4
3620	4
3621	4
3622	4
3623	4
3624	4
3625	4
3626	4
3627	4
3628	4
3629	4
3630	4
3631	4
3632	4
3633	4
3634	4
3635	4
3636	4
3637	4
3638	4
3639	4
3640	4
3641	4
3642	4
3643	4
3644	4
3645	4
3646	4
3647	4
3648	4
3649	4
3650	4
3651	4
3652	4
3653	4
3654	4
3655	4
3656	4
3657	4
3658	4
3659	4
3660	4
3661	4
3662	4
3663	4
3664	4
3665	4
3666	4
3667	4
3668	4
3669	4
3670	4
3671	4
3672	4
3673	4
3674	4
3675	4
3676	4
3677	4
3678	4
3679	4
3680	4
3681	4
3682	4
3683	4
3684	4
3685	4
3686	4
3687	4
3688	4
3689	4
3690	4
3691	4
3692	4
3693	4
3694	4
3695	4
3696	4
3697	4
3698	4
3699	4
3700	4
3701	4
3702	4
3703	4
3704	4
3705	4
3706	4
3707	4
3708	4
3709	4
3710	4
3711	4
3712	4
3713	4
3714	4
3715	4
3716	4
3717	4
3718	4
3719	4
3720	4
3721	4
3722	4
3723	4
3724	4
3725	4
3726	4
3727	4
3728	4
3729	4
3730	4
3731	4
3732	4
3733	4
3734	4
3735	4
3736	4
3737	4
3738	4
3739	4
3740	4
3741	4
3742	4
3743	4
3744	4
3745	4
3746	4
3747	4
3748	4
3749	4
3750	4
3751	4
3752	4
3753	4
3754	4
3755	4
3756	4
3757	4
3758	4
3759	4
3760	4
3761	4
3762	4
3763	4
3764	4
3765	4
3766	4
3767	4
3768	4
3769	4
3770	4
3771	4
3772	4
3773	4
3774	4
3775	4
3776	4
3777	4
3778	4
3779	4
3780	4
3781	4
3782	4
3783	4
3784	4
3785	4
3786	4
3787	4
3788	4
3789	4
3790	4
3791	4
3792	4
3793	4
3794	4
3795	4
3796	4
3797	4
3798	4
3799	4
3800	4
3801	4
3802	4
3803	4
3804	4
3805	4
3806	4
3807	4
3808	4
3809	4
3810	4
3811	4
3812	4
3813	4
3814	4
3815	4
3816	4
3817	4
3818	4
3819	4
3820	4
3821	4
3822	4
3823	4
3824	4
3825	4
3826	4
3827	4
3828	4
3829	4
3830	4
3831	4
3832	4
3833	4
3834	4
3835	4
3836	4
3837	4
3838	4
3839	4
3840	4
3841	4
3842	4
3843	4
3844	4
3845	4
3846	4
3847	4
3848	4
3849	4
3850	4
3851	4
3852	4
3853	4
3854	4
3855	4
3856	4
3857	4
3858	4
3859	4
3860	4
3861	4
3862	4
3863	4
3864	4
3865	4
3866	4
3867	4
3868	4
3869	4
3870	4
3871	4
3872	4
3873	4
3874	4
3875	4
3876	4
3877	4
3878	4
3879	4
3880	4
3881	4
3882	4
3883	4
3884	4
3885	4
3886	4
3887	4
3888	4
3889	4
3890	4
3891	4
3892	4
3893	4
3894	4
3895	4
3896	4
3897	4
3898	4
3899	4
3900	4
3901	4
3902	4
3903	4
3904	4
3905	4
3906	4
3907	4
3908	4
3909	4
3910	4
3911	4
3912	4
3913	4
3914	4
3915	4
3916	4
3917	4
3918	4
3919	4
3920	4
3921	4
3922	4
3923	4
3924	4
3925	4
3926	4
3927	4
3928	4
3929	4
3930	4
3931	4
3932	4
3933	4
3934	4
3935	4
3936	4
3937	4
3938	4
3939	4
3940	4
3941	4
3942	4
3943	4
3944	4
3945	4
3946	4
3947	4
3948	4
3949	4
3950	4
3951	4
3952	4
3953	4
3954	4
3955	4
3956	4
3957	4
3958	4
3959	4
3960	4
3961	4
3962	4
3963	4
3964	4
3965	4
3966	4
3967	4
3968	4
3969	4
3970	4
3971	4
3972	4
3973	4
3974	4
3975	4
3976	4
3977	4
3978	4
3979	4
3980	4
3981	4
3982	4
3983	4
3984	4
3985	4
3986	4
3987	4
3988	4
3989	4
3990	4
3991	4
3992	4
3993	4
3994	4
3995	4
3996	4
3997	4
3998	4
3999	4
4000	4
4001	4
4002	4
4003	4
4004	4
4005	4
4006	4
4007	4
4008	4
4009	4
4010	4
4011	4
4012	4
4013	4
4014	4
4015	4
4016	4
4017	4
4018	4
4019	4
4020	4
4021	4
4022	4
4023	4
4024	4
4025	4
4026	4
4027	4
4028	4
4029	4
4030	4
4031	4
4032	4
4033	4
4034	4
4035	4
4036	4
4037	4
4038	4
4039	4
4040	4
4041	4
4042	4
4043	4
4044	4
4045	4
4046	4
4047	4
4048	4
4049	4
4050	4
4051	4
4052	4
4053	4
4054	4
4055	4
4056	4
4057	4
4058	4
4059	4
4060	4
4061	4
4062	4
4063	4
4064	4
4065	4
4066	4
4067	4
4068	4
4069	4
4070	4
4071	4
4072	4
4073	4
4074	4
4075	4
4076	4
4077	4
4078	4
4079	4
4080	4
4081	4
4082	4
4083	4
4084	4
4085	4
4086	4
4087	4
4088	4
4089	4
4090	4
4091	4
4092	4
4093	4
4094	4
4095	4
4096	4
4097	4
4098	4
4099	4
4100	4
4101	4
4102	4
4103	4
4104	4
4105	4
4106	4
4107	4
4108	4
4109	4
4110	4
4111	4
4112	4
4113	4
4114	4
4115	4
4116	4
4117	4
4118	4
4119	4
4120	4
4121	4
4122	4
4123	4
4124	4
4125	4
4126	4
4127	4
4128	4
4129	4
4130	4
4131	4
4132	4
4133	4
4134	4
4135	4
4136	4
4137	4
4138	4
4139	4
4140	4
4141	4
4142	4
4143	4
4144	4
4145	4
4146	4
4147	4
4148	4
4149	4
4150	4
4151	4
4152	4
4153	4
4154	4
4155	4
4156	4
4157	4
4158	4
4159	4
4160	4
4161	4
4162	4
4163	4
4164	4
4165	4
4166	4
4167	4
4168	4
4169	4
4170	4
4171	4
4172	4
4173	4
4174	4
4175	4
4176	4
4177	4
4178	4
4179	4
4180	4
4181	4
4182	4
4183	4
4184	4
4185	4
4186	4
4187	4
4188	4
4189	4
4190	4
4191	4
4192	4
4193	4
4194	4
4195	4
4196	4
4197	4
4198	4
4199	4
4200	4
4201	4
4202	4
4203	4
4204	4
4205	4
4206	4
4207	4
4208	4
4209	4
4210	4
4211	4
4212	4
4213	4
4214	4
4215	4
4216	4
4217	4
4218	4
4219	4
4220	4
4221	4
4222	4
4223	4
4224	4
4225	4
4226	4
4227	4
4228	4
4229	4
4230	4
4231	4
4232	4
4233	4
4234	4
4235	4
4236	4
4237	4
4238	4
4239	4
4240	4
4241	4
4242	4
4243	4
4244	4
4245	4
4246	4
4247	4
4248	4
4249	4
4250	4
4251	4
4252	4
4253	4
4254	4
4255	4
4256	4
4257	4
4258	4
4259	4
4260	4
4261	4
4262	4
4263	4
4264	4
4265	4
4266	4
4267	4
4268	4
4269	4
4270	4
4271	4
4272	4
4273	4
4274	4
4275	4
4276	4
4277	4
4278	4
4279	4
4280	4
4281	4
4282	4
4283	4
4284	4
4285	4
4286	4
4287	4
4288	4
4289	4
4290	4
4291	4
4292	4
4293	4
4294	4
4295	4
4296	4
4297	4
4298	4
4299	4
4300	4
4301	4
4302	4
4303	4
4304	4
4305	4
4306	4
4307	4
4308	4
4309	4
4310	4
4311	4
4312	4
4313	4
4314	4
4315	4
4316	4
4317	4
4318	4
4319	4
4320	4
4321	4
4322	4
4323	4
4324	4
4325	4
4326	4
4327	4
4328	4
4329	4
4330	4
4331	4
4332	4
4333	4
4334	4
4335	4
4336	4
4337	4
4338	4
4339	4
4340	4
4341	4
4342	4
4343	4
4344	4
4345	4
4346	4
4347	4
4348	4
4349	4
4350	4
4351	4
4352	4
4353	4
4354	4
4355	4
4356	4
4357	4
4358	4
4359	4
4360	4
4361	4
4362	4
4363	4
4364	4
4365	4
4366	4
4367	4
4368	4
4369	4
4370	4
4371	4
4372	4
4373	4
4374	4
4375	4
4376	4
4377	4
4378	4
4379	4
4380	4
4381	4
4382	4
4383	4
4384	4
4385	4
4386	4
4387	4
4388	4
4389	4
4390	4
4391	4
4392	4
4393	4
4394	4
4395	4
4396	4
4397	4
4398	4
4399	4
4400	4
4401	4
4402	4
4403	4
4404	4
4405	4
4406	4
4407	4
4408	4
4409	4
4410	4
4411	4
4412	4
4413	4
4414	4
4415	4
4416	4
4417	4
4418	4
4419	4
4420	4
4421	4
4422	4
4423	4
4424	4
4425	4
4426	4
4427	4
4428	4
4429	4
4430	4
4431	4
4432	4
4433	4
4434	4
4435	4
4436	4
4437	4
4438	4
4439	4
4440	4
4441	4
4442	4
4443	4
4444	4
4445	4
4446	4
4447	4
4448	4
4449	4
4450	4
4451	4
4452	4
4453	4
4454	4
4455	4
4456	4
4457	4
4458	4
4459	4
4460	4
4461	4
4462	4
4463	4
4464	4
4465	4
4466	4
4467	4
4468	4
4469	4
4470	4
4471	4
4472	4
4473	4
4474	4
4475	4
4476	4
4477	4
4478	4
4479	4
4480	4
4481	4
4482	4
4483	4
4484	4
4485	4
4486	4
4487	4
4488	4
4489	4
4490	4
4491	4
4492	4
4493	4
4494	4
4495	4
4496	4
4497	4
4498	4
4499	4
4500	4
4501	4
4502	4
4503	4
4504	4
4505	4
4506	4
4507	4
4508	4
4509	4
4510	4
4511	4
4512	4
4513	4
4514	4
4515	4
4516	4
4517	4
4518	4
4519	4
4520	4
4521	4
4522	4
4523	4
4524	4
4525	4
4526	4
4527	4
4528	4
4529	4
4530	4
4531	4
4532	4
4533	4
4534	4
4535	4
4536	4
4537	4
4538	4
4539	4
4540	4
4541	4
4542	4
4543	4
4544	4
4545	4
4546	4
4547	4
4548	4
4549	4
4550	4
4551	4
4552	4
4553	4
4554	4
4555	4
4556	4
4557	4
4558	4
4559	4
4560	4
4561	4
4562	4
4563	4
4564	4
4565	4
4566	4
4567	4
4568	4
4569	4
4570	4
4571	4
4572	4
4573	4
4574	4
4575	4
4576	4
4577	4
4578	4
4579	4
4580	4
4581	4
4582	4
4583	4
4584	4
4585	4
4586	4
4587	4
4588	4
4589	4
4590	4
4591	4
4592	4
4593	4
4594	4
4595	4
4596	4
4597	4
4598	4
4599	4
4600	4
4601	4
4602	4
4603	4
4604	4
4605	4
4606	4
4607	4
4608	4
4609	4
4610	4
4611	4
4612	4
4613	4
4614	4
4615	4
4616	4
4617	4
4618	4
4619	4
4620	4
4621	4
4622	4
4623	4
4624	4
4625	4
4626	4
4627	4
4628	4
4629	4
4630	4
4631	4
4632	4
4633	4
4634	4
4635	4
4636	4
4637	4
4638	4
4639	4
4640	4
4641	4
4642	4
4643	4
4644	4
4645	4
4646	4
4647	4
4648	4
4649	4
4650	4
4651	4
4652	4
4653	4
4654	4
4655	4
4656	4
4657	4
4658	4
4659	4
4660	4
4661	4
4662	4
4663	4
4664	4
4665	4
4666	4
4667	4
4668	4
4669	4
4670	4
4671	4
4672	4
4673	4
4674	4
4675	4
4676	4
4677	4
4678	4
4679	4
4680	4
4681	4
4682	4
4683	4
4684	4
4685	4
4686	4
4687	4
4688	4
4689	4
4690	4
4691	4
4692	4
4693	4
4694	4
4695	4
4696	4
4697	4
4698	4
4699	4
4700	4
4701	4
4702	4
4703	4
4704	4
4705	4
4706	4
4707	4
4708	4
4709	4
4710	4
4711	4
4712	4
4713	4
4714	4
4715	4
4716	4
4717	4
4718	4
4719	4
4720	4
4721	4
4722	4
4723	4
4724	4
4725	4
4726	4
4727	4
4728	4
4729	4
4730	4
4731	4
4732	4
4733	4
4734	4
4735	4
4736	4
4737	4
4738	4
4739	4
4740	4
4741	4
4742	4
4743	4
4744	4
4745	4
4746	4
4747	4
4748	4
4749	4
4750	4
4751	4
4752	4
4753	4
4754	4
4755	4
4756	4
4757	4
4758	4
4759	4
4760	4
4761	4
4762	4
4763	4
4764	4
4765	4
4766	4
4767	4
4768	4
4769	4
4770	4
4771	4
4772	4
4773	4
4774	4
4775	4
4776	4
4777	4
4778	4
4779	4
4780	4
4781	4
4782	4
4783	4
4784	4
4785	4
4786	4
4787	4
4788	4
4789	4
4790	4
4791	4
4792	4
4793	4
4794	4
4795	4
4796	4
4797	4
4798	4
4799	3
4800	3
4801	3
4802	3
4803	3
4804	3
4805	3
4806	3
4807	3
4808	3
4809	3
4810	3
4811	3
4812	3
4813	3
4814	3
4815	3
4816	3
4817	3
4818	3
4819	3
4820	3
4821	3
4822	3
4823	3
4824	3
4825	3
4826	3
4827	3
4828	3
4829	3
4830	3
4831	3
4832	3
4833	3
4834	3
4835	3
4836	3
4837	3
4838	3
4839	3
4840	3
4841	3
4842	3
4843	3
4844	3
4845	3
4846	3
4847	3
4848	3
4849	3
4850	3
4851	3
4852	3
4853	3
4854	3
4855	3
4856	3
4857	3
4858	3
4859	3
4860	3
4861	3
4862	3
4863	3
4864	3
4865	3
4866	3
4867	3
4868	3
4869	3
4870	3
4871	3
4872	3
4873	3
4874	3
4875	3
4876	3
4877	3
4878	3
4879	3
4880	3
4881	3
4882	3
4883	3
4884	3
4885	3
4886	3
4887	3
4888	3
4889	3
4890	3
4891	3
4892	3
4893	3
4894	3
4895	3
4896	3
4897	3
4898	3
4899	3
4900	3
4901	3
4902	3
4903	3
4904	3
4905	3
4906	3
4907	3
4908	3
4909	3
4910	3
4911	3
4912	3
4913	3
4914	3
4915	3
4916	3
4917	3
4918	3
4919	3
4920	3
4921	3
4922	3
4923	3
4924	3
4925	3
4926	3
4927	3
4928	3
4929	3
4930	3
4931	3
4932	3
4933	3
4934	3
4935	3
4936	3
4937	3
4938	3
4939	3
4940	3
4941	3
4942	3
4943	3
4944	3
4945	3
4946	3
4947	3
4948	3
4949	3
4950	3
4951	3
4952	3
4953	3
4954	3
4955	3
4956	3
4957	3
4958	3
4959	3
4960	3
4961	3
4962	3
4963	3
4964	3
4965	3
4966	3
4967	3
4968	3
4969	3
4970	3
4971	3
4972	3
4973	3
4974	3
4975	3
4976	3
4977	3
4978	3
4979	3
4980	3
4981	3
4982	3
4983	3
4984	3
4985	3
4986	3
4987	3
4988	3
4989	3
4990	3
4991	3
4992	3
4993	3
4994	3
4995	3
4996	3
4997	3
4998	3
4999	3
5000	3
5001	3
5002	3
5003	3
5004	3
5005	3
5006	3
5007	3
5008	3
5009	3
5010	3
5011	3
5012	3
5013	3
5014	3
5015	3
5016	3
5017	3
5018	3
5019	3
5020	3
5021	3
5022	3
5023	3
5024	3
5025	3
5026	3
5027	3
5028	3
5029	3
5030	3
5031	3
5032	3
5033	3
5034	3
5035	3
5036	3
5037	3
5038	3
5039	3
5040	3
5041	3
5042	3
5043	3
5044	3
5045	3
5046	3
5047	3
5048	3
5049	3
5050	3
5051	3
5052	3
5053	3
5054	3
5055	3
5056	3
5057	3
5058	3
5059	3
5060	3
5061	3
5062	3
5063	3
5064	3
5065	3
5066	3
5067	3
5068	3
5069	3
5070	3
5071	3
5072	3
5073	3
5074	3
5075	3
5076	3
5077	3
5078	3
5079	3
5080	3
5081	3
5082	3
5083	3
5084	3
5085	3
5086	3
5087	3
5088	3
5089	3
5090	3
5091	3
5092	3
5093	3
5094	3
5095	3
5096	3
5097	3
5098	3
5099	3
5100	3
5101	3
5102	3
5103	3
5104	3
5105	3
5106	3
5107	3
5108	3
5109	3
5110	3
5111	3
5112	3
5113	3
5114	3
5115	3
5116	3
5117	3
5118	3
5119	3
5120	3
5121	3
5122	3
5123	3
5124	3
5125	3
5126	3
5127	3
5128	3
5129	3
5130	3
5131	3
5132	3
5133	3
5134	3
5135	3
5136	3
5137	3
5138	3
5139	3
5140	3
5141	3
5142	3
5143	3
5144	3
5145	3
5146	3
5147	3
5148	3
5149	3
5150	3
5151	3
5152	3
5153	3
5154	3
5155	3
5156	3
5157	3
5158	3
5159	3
5160	3
5161	3
5162	3
5163	3
5164	3
5165	3
5166	3
5167	3
5168	3
5169	3
5170	3
5171	3
5172	3
5173	3
5174	3
5175	3
5176	3
5177	3
5178	3
5179	3
5180	3
5181	3
5182	3
5183	3
5184	3
5185	3
5186	3
5187	3
5188	3
5189	3
5190	3
5191	3
5192	3
5193	3
5194	3
5195	3
5196	3
5197	3
5198	3
5199	3
5200	3
5201	3
5202	3
5203	3
5204	3
5205	3
5206	3
5207	3
5208	3
5209	3
5210	3
5211	3
5212	3
5213	3
5214	3
5215	3
5216	3
5217	3
5218	3
5219	3
5220	3
5221	3
5222	3
5223	3
5224	3
5225	3
5226	3
5227	3
5228	3
5229	3
5230	3
5231	3
5232	3
5233	3
5234	3
5235	3
5236	3
5237	3
5238	3
5239	3
5240	3
5241	3
5242	3
5243	3
5244	3
5245	3
5246	3
5247	3
5248	3
5249	3
5250	3
5251	3
5252	3
5253	3
5254	3
5255	3
5256	3
5257	3
5258	3
5259	3
5260	3
5261	3
5262	3
5263	3
5264	3
5265	3
5266	3
5267	3
5268	3
5269	3
5270	3
5271	3
5272	3
5273	3
5274	3
5275	3
5276	3
5277	3
5278	3
5279	3
5280	3
5281	3
5282	3
5283	3
5284	3
5285	3
5286	3
5287	3
5288	3
5289	3
5290	3
5291	3
5292	3
5293	3
5294	3
5295	3
5296	3
5297	3
5298	3
5299	3
5300	3
5301	3
5302	3
5303	3
5304	3
5305	3
5306	3
5307	3
5308	3
5309	3
5310	3
5311	3
5312	3
5313	3
5314	3
5315	3
5316	3
5317	3
5318	3
5319	3
5320	3
5321	3
5322	3
5323	3
5324	3
5325	3
5326	3
5327	3
5328	3
5329	3
5330	3
5331	3
5332	3
5333	3
5334	3
5335	3
5336	3
5337	3
5338	3
5339	3
5340	3
5341	3
5342	3
5343	3
5344	3
5345	3
5346	3
5347	3
5348	3
5349	3
5350	3
5351	3
5352	3
5353	3
5354	3
5355	3
5356	3
5357	3
5358	3
5359	3
5360	3
5361	3
5362	3
5363	3
5364	3
5365	3
5366	3
5367	3
5368	3
5369	3
5370	3
5371	3
5372	3
5373	3
5374	3
5375	3
5376	3
5377	3
5378	3
5379	3
5380	3
5381	3
5382	3
5383	3
5384	3
5385	3
5386	3
5387	3
5388	3
5389	3
5390	3
5391	3
5392	3
5393	3
5394	3
5395	3
5396	3
5397	3
5398	3
5399	3
5400	3
5401	3
5402	3
5403	3
5404	3
5405	3
5406	3
5407	3
5408	3
5409	3
5410	3
5411	3
5412	3
5413	3
5414	3
5415	3
5416	3
5417	3
5418	3
5419	3
5420	3
5421	3
5422	3
5423	3
5424	3
5425	3
5426	3
5427	3
5428	3
5429	3
5430	3
5431	3
5432	3
5433	3
5434	3
5435	3
5436	3
5437	3
5438	3
5439	3
5440	3
5441	3
5442	3
5443	3
5444	3
5445	3
5446	3
5447	3
5448	3
5449	3
5450	3
5451	3
5452	3
5453	3
5454	3
5455	3
5456	3
5457	3
5458	3
5459	3
5460	3
5461	3
5462	3
5463	3
5464	3
5465	3
5466	3
5467	3
5468	3
5469	3
5470	3
5471	3
5472	3
5473	3
5474	3
5475	3
5476	3
5477	3
5478	3
5479	3
5480	3
5481	3
5482	3
5483	3
5484	3
5485	3
5486	3
5487	3
5488	3
5489	3
5490	3
5491	3
5492	3
5493	3
5494	3
5495	3
5496	3
5497	3
5498	3
5499	3
5500	3
5501	3
5502	3
5503	3
5504	3
5505	3
5506	3
5507	3
5508	3
5509	3
5510	3
5511	3
5512	3
5513	3
5514	3
5515	3
5516	3
5517	3
5518	3
5519	3
5520	3
5521	3
5522	3
5523	3
5524	3
5525	3
5526	3
5527	3
5528	3
5529	3
5530	3
5531	3
5532	3
5533	3
5534	3
5535	3
5536	3
5537	3
5538	3
5539	3
5540	3
5541	3
5542	3
5543	3
5544	3
5545	3
5546	3
5547	3
5548	3
5549	3
5550	3
5551	3
5552	3
5553	3
5554	3
5555	3
5556	3
5557	3
5558	3
5559	3
5560	3
5561	3
5562	3
5563	3
5564	3
5565	3
5566	3
5567	3
5568	3
5569	3
5570	3
5571	3
5572	3
5573	3
5574	3
5575	3
5576	3
5577	3
5578	3
5579	3
5580	3
5581	3
5582	3
5583	3
5584	3
5585	3
5586	3
5587	3
5588	3
5589	3
5590	3
5591	3
5592	3
5593	3
5594	3
5595	3
5596	3
5597	3
5598	3
5599	3
5600	3
5601	3
5602	3
5603	3
5604	3
5605	3
5606	3
5607	3
5608	3
5609	3
5610	3
5611	3
5612	3
5613	3
5614	3
5615	3
5616	3
5617	3
5618	3
5619	3
5620	3
5621	3
5622	3
5623	3
5624	3
5625	3
5626	3
5627	3
5628	3
5629	3
5630	3
5631	3
5632	3
5633	3
5634	3
5635	3
5636	3
5637	3
5638	3
5639	3
5640	3
5641	3
5642	3
5643	3
5644	3
5645	3
5646	3
5647	3
5648	3
5649	3
5650	3
5651	3
5652	3
5653	3
5654	3
5655	3
5656	3
5657	3
5658	3
5659	3
5660	3
5661	3
5662	3
5663	3
5664	3
5665	3
5666	3
5667	3
5668	3
5669	3
5670	3
5671	3
5672	3
5673	3
5674	3
5675	3
5676	3
5677	3
5678	3
5679	3
5680	3
5681	3
5682	3
5683	3
5684	3
5685	3
5686	3
5687	3
5688	3
5689	3
5690	3
5691	3
5692	3
5693	3
5694	3
5695	3
5696	3
5697	3
5698	3
5699	3
5700	3
5701	3
5702	3
5703	3
5704	3
5705	3
5706	3
5707	3
5708	3
5709	3
5710	3
5711	3
5712	3
5713	3
5714	3
5715	3
5716	3
5717	3
5718	3
5719	3
5720	3
5721	3
5722	3
5723	3
5724	3
5725	3
5726	3
5727	3
5728	3
5729	3
5730	3
5731	3
5732	3
5733	3
5734	3
5735	3
5736	3
5737	3
5738	3
5739	3
5740	3
5741	3
5742	3
5743	3
5744	3
5745	3
5746	3
5747	3
5748	3
5749	3
5750	3
5751	3
5752	3
5753	3
5754	3
5755	3
5756	3
5757	3
5758	3
5759	3
5760	3
5761	3
5762	3
5763	3
5764	3
5765	3
5766	3
5767	3
5768	3
5769	3
5770	3
5771	3
5772	3
5773	3
5774	3
5775	3
5776	3
5777	3
5778	3
5779	3
5780	3
5781	3
5782	3
5783	3
5784	3
5785	3
5786	3
5787	3
5788	3
5789	3
5790	3
5791	3
5792	3
5793	3
5794	3
5795	3
5796	3
5797	3
5798	3
5799	3
5800	3
5801	3
5802	3
5803	3
5804	3
5805	3
5806	3
5807	3
5808	3
5809	3
5810	3
5811	3
5812	3
5813	3
5814	3
5815	3
5816	3
5817	3
5818	3
5819	3
5820	3
5821	3
5822	3
5823	3
5824	3
5825	3
5826	3
5827	3
5828	3
5829	3
5830	3
5831	3
5832	3
5833	3
5834	3
5835	3
5836	3
5837	3
5838	3
5839	3
5840	3
5841	3
5842	3
5843	3
5844	3
5845	3
5846	3
5847	3
5848	3
5849	3
5850	3
5851	3
5852	3
5853	3
5854	3
5855	3
5856	3
5857	3
5858	3
5859	3
5860	3
5861	3
5862	3
5863	3
5864	3
5865	3
5866	3
5867	3
5868	3
5869	3
5870	3
5871	3
5872	3
5873	3
5874	3
5875	3
5876	3
5877	3
5878	3
5879	3
5880	3
5881	3
5882	3
5883	3
5884	3
5885	3
5886	3
5887	3
5888	3
5889	3
5890	3
5891	3
5892	3
5893	3
5894	3
5895	3
5896	3
5897	3
5898	3
5899	3
5900	3
5901	3
5902	3
5903	3
5904	3
5905	3
5906	3
5907	3
5908	3
5909	3
5910	3
5911	3
5912	3
5913	3
5914	3
5915	3
5916	3
5917	3
5918	3
5919	3
5920	3
5921	3
5922	3
5923	3
5924	3
5925	3
5926	3
5927	3
5928	3
5929	3
5930	3
5931	3
5932	3
5933	3
5934	3
5935	3
5936	3
5937	3
5938	3
5939	3
5940	3
5941	3
5942	3
5943	3
5944	3
5945	3
5946	3
5947	3
5948	3
5949	3
5950	3
5951	3
5952	3
5953	3
5954	3
5955	3
5956	3
5957	3
5958	3
5959	3
5960	3
5961	3
5962	3
5963	3
5964	3
5965	3
5966	3
5967	3
5968	3
5969	3
5970	3
5971	3
5972	3
5973	3
5974	3
5975	3
5976	3
5977	3
5978	3
5979	3
5980	3
5981	3
5982	3
5983	3
5984	3
5985	3
5986	3
5987	3
5988	3
5989	3
5990	3
5991	3
5992	3
5993	3
5994	3
5995	3
5996	3
5997	3
5998	3
5999	3
6000	3
6001	3
6002	3
6003	3
6004	3
6005	3
6006	3
6007	3
6008	3
6009	3
6010	3
6011	3
6012	3
6013	3
6014	3
6015	3
6016	3
6017	3
6018	3
6019	3
6020	3
6021	3
6022	3
6023	3
6024	3
6025	3
6026	3
6027	3
6028	3
6029	3
6030	3
6031	3
6032	3
6033	3
6034	3
6035	3
6036	3
6037	3
6038	3
6039	3
6040	3
6041	3
6042	3
6043	3
6044	3
6045	3
6046	3
6047	3
6048	3
6049	3
6050	3
6051	3
6052	3
6053	3
6054	3
6055	3
6056	3
6057	3
6058	3
6059	3
6060	3
6061	3
6062	3
6063	3
6064	3
6065	3
6066	3
6067	3
6068	3
6069	3
6070	3
6071	3
6072	3
6073	3
6074	3
6075	3
6076	3
6077	3
6078	3
6079	3
6080	3
6081	3
6082	3
6083	3
6084	3
6085	3
6086	3
6087	3
6088	3
6089	3
6090	3
6091	3
6092	3
6093	3
6094	3
6095	3
6096	3
6097	3
6098	3
6099	3
6100	3
6101	3
6102	3
6103	3
6104	3
6105	3
6106	3
6107	3
6108	3
6109	3
6110	3
6111	3
6112	3
6113	3
6114	3
6115	3
6116	3
6117	3
6118	3
6119	3
6120	3
6121	3
6122	3
6123	3
6124	3
6125	3
6126	3
6127	3
6128	3
6129	3
6130	3
6131	3
6132	3
6133	3
6134	3
6135	3
6136	3
6137	3
6138	3
6139	3
6140	3
6141	3
6142	3
6143	3
6144	3
6145	3
6146	3
6147	3
6148	3
6149	3
6150	3
6151	3
6152	3
6153	3
6154	3
6155	3
6156	3
6157	3
6158	3
6159	3
6160	3
6161	3
6162	3
6163	3
6164	3
6165	3
6166	3
6167	3
6168	3
6169	3
6170	3
6171	3
6172	3
6173	3
6174	3
6175	3
6176	3
6177	3
6178	3
6179	3
6180	3
6181	3
6182	3
6183	3
6184	3
6185	3
6186	3
6187	3
6188	3
6189	3
6190	3
6191	3
6192	3
6193	3
6194	3
6195	3
6196	3
6197	3
6198	3
6199	3
6200	3
6201	3
6202	3
6203	3
6204	3
6205	3
6206	3
6207	3
6208	3
6209	3
6210	3
6211	3
6212	3
6213	3
6214	3
6215	3
6216	3
6217	3
6218	3
6219	3
6220	3
6221	3
6222	3
6223	3
6224	3
6225	3
6226	3
6227	3
6228	3
6229	3
6230	3
6231	3
6232	3
6233	3
6234	3
6235	3
6236	3
6237	3
6238	3
6239	3
6240	3
6241	3
6242	3
6243	3
6244	3
6245	3
6246	3
6247	3
6248	3
6249	3
6250	3
6251	3
6252	3
6253	3
6254	3
6255	3
6256	3
6257	3
6258	3
6259	3
6260	3
6261	3
6262	3
6263	3
6264	3
6265	3
6266	3
6267	3
6268	3
6269	3
6270	3
6271	3
6272	3
6273	3
6274	3
6275	3
6276	3
6277	3
6278	3
6279	3
6280	3
6281	3
6282	3
6283	3
6284	3
6285	3
6286	3
6287	3
6288	3
6289	3
6290	3
6291	3
6292	3
6293	3
6294	3
6295	3
6296	3
6297	3
6298	3
6299	3
6300	3
6301	3
6302	3
6303	3
6304	3
6305	3
6306	3
6307	3
6308	3
6309	3
6310	3
6311	3
6312	3
6313	3
6314	3
6315	3
6316	3
6317	3
6318	3
6319	3
6320	3
6321	3
6322	3
6323	3
6324	3
6325	3
6326	3
6327	3
6328	3
6329	3
6330	3
6331	3
6332	3
6333	3
6334	3
6335	3
6336	3
6337	3
6338	3
6339	3
6340	3
6341	3
6342	3
6343	3
6344	3
6345	3
6346	3
6347	3
6348	3
6349	3
6350	3
6351	3
6352	3
6353	3
6354	3
6355	3
6356	3
6357	3
6358	3
6359	3
6360	3
6361	3
6362	3
6363	3
6364	3
6365	3
6366	3
6367	3
6368	3
6369	3
6370	3
6371	3
6372	3
6373	3
6374	3
6375	3
6376	3
6377	3
6378	3
6379	3
6380	3
6381	3
6382	3
6383	3
6384	3
6385	3
6386	3
6387	3
6388	3
6389	3
6390	3
6391	3
6392	3
6393	3
6394	3
6395	3
6396	3
6397	3
6398	3
6399	3
6400	3
6401	3
6402	3
6403	3
6404	3
6405	3
6406	3
6407	3
6408	3
6409	3
6410	3
6411	3
6412	3
6413	3
6414	3
6415	3
6416	3
6417	3
6418	3
6419	3
6420	3
6421	3
6422	3
6423	3
6424	3
6425	3
6426	3
6427	3
6428	3
6429	3
6430	3
6431	3
6432	3
6433	3
6434	3
6435	3
6436	3
6437	3
6438	3
6439	3
6440	3
6441	3
6442	3
6443	3
6444	3
6445	3
6446	3
6447	3
6448	3
6449	3
6450	3
6451	3
6452	3
6453	3
6454	3
6455	3
6456	3
6457	3
6458	3
6459	3
6460	3
6461	3
6462	3
6463	3
6464	3
6465	3
6466	3
6467	3
6468	3
6469	3
6470	3
6471	3
6472	3
6473	3
6474	3
6475	3
6476	3
6477	3
6478	3
6479	3
6480	3
6481	3
6482	3
6483	3
6484	3
6485	3
6486	3
6487	3
6488	3
6489	3
6490	3
6491	3
6492	3
6493	3
6494	3
6495	3
6496	3
6497	3
6498	3
6499	3
6500	3
6501	3
6502	3
6503	3
6504	3
6505	3
6506	3
6507	3
6508	3
6509	3
6510	3
6511	3
6512	3
6513	3
6514	3
6515	3
6516	3
6517	3
6518	3
6519	3
6520	3
6521	3
6522	3
6523	3
6524	3
6525	3
6526	3
6527	3
6528	3
6529	3
6530	3
6531	3
6532	3
6533	3
6534	3
6535	3
6536	3
6537	3
6538	3
6539	3
6540	3
6541	3
6542	3
6543	3
6544	3
6545	3
6546	3
6547	3
6548	3
6549	3
6550	3
6551	3
6552	3
6553	3
6554	3
6555	3
6556	3
6557	3
6558	3
6559	3
6560	3
6561	3
6562	3
6563	3
6564	3
6565	3
6566	3
6567	3
6568	3
6569	3
6570	3
6571	3
6572	3
6573	3
6574	3
6575	3
6576	3
6577	3
6578	3
6579	3
6580	3
6581	3
6582	3
6583	3
6584	3
6585	3
6586	3
6587	3
6588	3
6589	3
6590	3
6591	3
6592	3
6593	3
6594	3
6595	3
6596	3
6597	3
6598	3
6599	3
6600	3
6601	3
6602	3
6603	3
6604	3
6605	3
6606	3
6607	3
6608	3
6609	3
6610	3
6611	3
6612	3
6613	3
6614	3
6615	3
6616	3
6617	3
6618	3
6619	3
6620	3
6621	3
6622	3
6623	3
6624	3
6625	3
6626	3
6627	3
6628	3
6629	3
6630	3
6631	3
6632	3
6633	3
6634	3
6635	3
6636	3
6637	3
6638	3
6639	3
6640	3
6641	3
6642	3
6643	3
6644	3
6645	3
6646	3
6647	3
6648	3
6649	3
6650	3
6651	3
6652	3
6653	3
6654	3
6655	3
6656	3
6657	3
6658	3
6659	3
6660	3
6661	3
6662	3
6663	3
6664	3
6665	3
6666	3
6667	3
6668	3
6669	3
6670	3
6671	3
6672	3
6673	3
6674	3
6675	3
6676	3
6677	3
6678	3
6679	3
6680	3
6681	3
6682	3
6683	3
6684	3
6685	3
6686	3
6687	3
6688	3
6689	3
6690	3
6691	3
6692	3
6693	3
6694	3
6695	3
6696	3
6697	3
6698	3
6699	3
6700	3
6701	3
6702	3
6703	3
6704	3
6705	3
6706	3
6707	3
6708	3
6709	3
6710	3
6711	3
6712	3
6713	3
6714	3
6715	3
6716	3
6717	3
6718	3
6719	3
6720	3
6721	3
6722	3
6723	3
6724	3
6725	3
6726	3
6727	3
6728	3
6729	3
6730	3
6731	3
6732	3
6733	3
6734	3
6735	3
6736	3
6737	3
6738	3
6739	3
6740	3
6741	3
6742	3
6743	3
6744	3
6745	3
6746	3
6747	3
6748	3
6749	3
6750	3
6751	3
6752	3
6753	3
6754	3
6755	3
6756	3
6757	3
6758	3
6759	3
6760	3
6761	3
6762	3
6763	3
6764	3
6765	3
6766	3
6767	3
6768	3
6769	3
6770	3
6771	3
6772	3
6773	3
6774	3
6775	3
6776	3
6777	3
6778	3
6779	3
6780	3
6781	3
6782	3
6783	3
6784	3
6785	3
6786	3
6787	3
6788	3
6789	3
6790	3
6791	3
6792	3
6793	3
6794	3
6795	3
6796	3
6797	3
6798	3
6799	3
6800	3
6801	3
6802	3
6803	3
6804	3
6805	3
6806	3
6807	3
6808	3
6809	3
6810	3
6811	3
6812	3
6813	3
6814	3
6815	3
6816	3
6817	3
6818	3
6819	3
6820	3
6821	3
6822	3
6823	3
6824	3
6825	3
6826	3
6827	3
6828	3
6829	3
6830	3
6831	3
6832	3
6833	3
6834	3
6835	3
6836	3
6837	3
6838	3
6839	3
6840	3
6841	3
6842	3
6843	3
6844	3
6845	3
6846	3
6847	3
6848	3
6849	3
6850	3
6851	3
6852	3
6853	3
6854	3
6855	3
6856	3
6857	3
6858	3
6859	3
6860	3
6861	3
6862	3
6863	3
6864	3
6865	3
6866	3
6867	3
6868	3
6869	3
6870	3
6871	3
6872	3
6873	3
6874	3
6875	3
6876	3
6877	3
6878	3
6879	3
6880	3
6881	3
6882	3
6883	3
6884	3
6885	3
6886	3
6887	3
6888	3
6889	3
6890	3
6891	3
6892	3
6893	3
6894	3
6895	3
6896	3
6897	3
6898	3
6899	3
6900	3
6901	3
6902	3
6903	3
6904	3
6905	3
6906	3
6907	3
6908	3
6909	3
6910	3
6911	3
6912	3
6913	3
6914	3
6915	3
6916	3
6917	3
6918	3
6919	3
6920	3
6921	3
6922	3
6923	3
6924	3
6925	3
6926	3
6927	3
6928	3
6929	3
6930	3
6931	3
6932	3
6933	3
6934	3
6935	3
6936	3
6937	3
6938	3
6939	3
6940	3
6941	3
6942	3
6943	3
6944	3
6945	3
6946	3
6947	3
6948	3
6949	3
6950	3
6951	3
6952	3
6953	3
6954	3
6955	3
6956	3
6957	3
6958	3
6959	3
6960	3
6961	3
6962	3
6963	3
6964	3
6965	3
6966	3
6967	3
6968	3
6969	3
6970	3
6971	3
6972	3
6973	3
6974	3
6975	3
6976	3
6977	3
6978	3
6979	3
6980	3
6981	3
6982	3
6983	3
6984	3
6985	3
6986	3
6987	3
6988	3
6989	3
6990	3
6991	3
6992	3
6993	3
6994	3
6995	3
6996	3
6997	3
6998	3
6999	3
7000	3
7001	3
7002	3
7003	3
7004	3
7005	3
7006	3
7007	3
7008	3
7009	3
7010	3
7011	3
7012	3
7013	3
7014	3
7015	3
7016	3
7017	3
7018	3
7019	3
7020	3
7021	3
7022	3
7023	3
7024	3
7025	3
7026	3
7027	3
7028	3
7029	3
7030	3
7031	3
7032	3
7033	3
7034	3
7035	3
7036	3
7037	3
7038	3
7039	3
7040	3
7041	3
7042	3
7043	3
7044	3
7045	3
7046	3
7047	3
7048	3
7049	3
7050	3
7051	3
7052	3
7053	3
7054	3
7055	3
7056	3
7057	3
7058	3
7059	3
7060	3
7061	3
7062	3
7063	3
7064	3
7065	3
7066	3
7067	3
7068	3
7069	3
7070	3
7071	3
7072	3
7073	3
7074	3
7075	3
7076	3
7077	3
7078	3
7079	3
7080	3
7081	3
7082	3
7083	3
7084	3
7085	3
7086	3
7087	3
7088	3
7089	3
7090	3
7091	3
7092	3
7093	3
7094	3
7095	3
7096	3
7097	3
7098	3
7099	3
7100	3
7101	3
7102	3
7103	3
7104	3
7105	3
7106	3
7107	3
7108	3
7109	3
7110	3
7111	3
7112	3
7113	3
7114	3
7115	3
7116	3
7117	3
7118	3
7119	3
7120	3
7121	3
7122	3
7123	3
7124	3
7125	3
7126	3
7127	3
7128	3
7129	3
7130	3
7131	3
7132	3
7133	3
7134	3
7135	3
7136	3
7137	3
7138	3
7139	3
7140	3
7141	3
7142	3
7143	3
7144	3
7145	3
7146	3
7147	3
7148	3
7149	3
7150	3
7151	3
7152	3
7153	3
7154	3
7155	3
7156	3
7157	3
7158	3
7159	3
7160	3
7161	3
7162	3
7163	3
7164	3
7165	3
7166	3
7167	3
7168	3
7169	3
7170	3
7171	3
7172	3
7173	3
7174	3
7175	3
7176	3
7177	3
7178	3
7179	3
7180	3
7181	3
7182	3
7183	3
7184	3
7185	3
7186	3
7187	3
7188	3
7189	3
7190	3
7191	3
7192	3
7193	3
7194	3
7195	3
7196	3
7197	3
7198	3
7199	3
7200	3
7201	3
7202	3
7203	3
7204	3
7205	3
7206	3
7207	3
7208	3
7209	3
7210	3
7211	3
7212	3
7213	3
7214	3
7215	3
7216	3
7217	3
7218	3
7219	3
7220	3
7221	3
7222	3
7223	3
7224	3
7225	3
7226	3
7227	3
7228	3
7229	3
7230	3
7231	3
7232	3
7233	3
7234	3
7235	3
7236	3
7237	3
7238	3
7239	3
7240	3
7241	3
7242	3
7243	3
7244	3
7245	3
7246	3
7247	3
7248	3
7249	3
7250	3
7251	3
7252	3
7253	3
7254	3
7255	3
7256	3
7257	3
7258	3
7259	3
7260	3
7261	3
7262	3
7263	3
7264	3
7265	3
7266	3
7267	3
7268	3
7269	3
7270	3
7271	3
7272	3
7273	3
7274	3
7275	3
7276	3
7277	3
7278	3
7279	3
7280	3
7281	3
7282	3
7283	3
7284	3
7285	3
7286	3
7287	3
7288	3
7289	3
7290	3
7291	3
7292	3
7293	3
7294	3
7295	3
7296	3
7297	3
7298	3
7299	3
7300	3
7301	3
7302	3
7303	3
7304	3
7305	3
7306	3
7307	3
7308	3
7309	3
7310	3
7311	3
7312	3
7313	3
7314	3
7315	3
7316	3
7317	3
7318	3
7319	3
7320	3
7321	3
7322	3
7323	3
7324	3
7325	3
7326	3
7327	3
7328	3
7329	3
7330	3
7331	3
7332	3
7333	3
7334	3
7335	3
7336	3
7337	3
7338	3
7339	3
7340	3
7341	3
7342	3
7343	3
7344	3
7345	3
7346	3
7347	3
7348	3
7349	3
7350	3
7351	3
7352	3
7353	3
7354	3
7355	3
7356	3
7357	3
7358	3
7359	3
7360	3
7361	3
7362	3
7363	3
7364	3
7365	3
7366	3
7367	3
7368	3
7369	3
7370	3
7371	3
7372	3
7373	3
7374	3
7375	3
7376	3
7377	3
7378	3
7379	3
7380	3
7381	3
7382	3
7383	3
7384	3
7385	3
7386	3
7387	3
7388	3
7389	3
7390	3
7391	3
7392	3
7393	3
7394	3
7395	3
7396	3
7397	3
7398	3
7399	3
7400	3
7401	3
7402	3
7403	3
7404	3
7405	3
7406	3
7407	3
7408	3
7409	3
7410	3
7411	3
7412	3
7413	3
7414	3
7415	3
7416	3
7417	3
7418	3
7419	3
7420	3
7421	3
7422	3
7423	3
7424	3
7425	3
7426	3
7427	3
7428	3
7429	3
7430	3
7431	3
7432	3
7433	3
7434	3
7435	3
7436	3
7437	3
7438	3
7439	3
7440	3
7441	3
7442	3
7443	3
7444	3
7445	3
7446	3
7447	3
7448	3
7449	3
7450	3
7451	3
7452	3
7453	3
7454	3
7455	3
7456	3
7457	3
7458	3
7459	3
7460	3
7461	3
7462	3
7463	3
7464	3
7465	3
7466	3
7467	3
7468	3
7469	3
7470	3
7471	3
7472	3
7473	3
7474	3
7475	3
7476	3
7477	3
7478	3
7479	3
7480	3
7481	3
7482	3
7483	3
7484	3
7485	3
7486	3
7487	3
7488	3
7489	3
7490	3
7491	3
7492	3
7493	3
7494	3
7495	3
7496	3
7497	3
7498	3
7499	3
7500	3
7501	3
7502	3
7503	3
7504	3
7505	3
7506	3
7507	3
7508	3
7509	3
7510	3
7511	3
7512	3
7513	3
7514	3
7515	3
7516	3
7517	3
7518	3
7519	3
7520	3
7521	3
7522	3
7523	3
7524	3
7525	3
7526	3
7527	3
7528	3
7529	3
7530	3
7531	3
7532	3
7533	3
7534	3
7535	3
7536	3
7537	3
7538	3
7539	3
7540	3
7541	3
7542	3
7543	3
7544	3
7545	3
7546	3
7547	3
7548	3
7549	3
7550	3
7551	3
7552	3
7553	3
7554	3
7555	3
7556	3
7557	3
7558	3
7559	3
7560	3
7561	3
7562	3
7563	3
7564	3
7565	3
7566	3
7567	3
7568	3
7569	3
7570	3
7571	3
7572	3
7573	3
7574	3
7575	3
7576	3
7577	3
7578	3
7579	3
7580	3
7581	3
7582	3
7583	3
7584	3
7585	3
7586	3
7587	3
7588	3
7589	3
7590	3
7591	3
7592	3
7593	3
7594	3
7595	3
7596	3
7597	3
7598	3
7599	3
7600	3
7601	3
7602	3
7603	3
7604	3
7605	3
7606	3
7607	3
7608	3
7609	3
7610	3
7611	3
7612	3
7613	3
7614	3
7615	3
7616	3
7617	3
7618	3
7619	3
7620	3
7621	3
7622	3
7623	3
7624	3
7625	3
7626	3
7627	3
7628	3
7629	3
7630	3
7631	3
7632	3
7633	3
7634	3
7635	3
7636	3
7637	3
7638	3
7639	3
7640	3
7641	3
7642	3
7643	3
7644	3
7645	3
7646	3
7647	3
7648	3
7649	3
7650	3
7651	3
7652	3
7653	3
7654	3
7655	3
7656	3
7657	3
7658	3
7659	3
7660	3
7661	3
7662	3
7663	3
7664	3
7665	3
7666	3
7667	3
7668	3
7669	3
7670	3
7671	3
7672	3
7673	3
7674	3
7675	3
7676	3
7677	3
7678	3
7679	3
7680	3
7681	3
7682	3
7683	3
7684	3
7685	3
7686	3
7687	3
7688	3
7689	3
7690	3
7691	3
7692	3
7693	3
7694	3
7695	3
7696	3
7697	3
7698	3
7699	3
7700	3
7701	3
7702	3
7703	3
7704	3
7705	3
7706	3
7707	3
7708	3
7709	3
7710	3
7711	3
7712	3
7713	3
7714	3
7715	3
7716	3
7717	3
7718	3
7719	3
7720	3
7721	3
7722	3
7723	3
7724	3
7725	3
7726	3
7727	3
7728	3
7729	3
7730	3
7731	3
7732	3
7733	3
7734	3
7735	3
7736	3
7737	3
7738	3
7739	3
7740	3
7741	3
7742	3
7743	3
7744	3
7745	3
7746	3
7747	3
7748	3
7749	3
7750	3
7751	3
7752	3
7753	3
7754	3
7755	3
7756	3
7757	3
7758	3
7759	3
7760	3
7761	3
7762	3
7763	3
7764	3
7765	3
7766	3
7767	3
7768	3
7769	3
7770	3
7771	3
7772	3
7773	3
7774	3
7775	3
7776	3
7777	3
7778	3
7779	3
7780	3
7781	3
7782	3
7783	3
7784	3
7785	3
7786	3
7787	3
7788	3
7789	3
7790	3
7791	3
7792	3
7793	3
7794	3
7795	3
7796	3
7797	3
7798	3
7799	3
7800	3
7801	3
7802	3
7803	3
7804	3
7805	3
7806	3
7807	3
7808	3
7809	3
7810	3
7811	3
7812	3
7813	3
7814	3
7815	3
7816	3
7817	3
7818	3
7819	3
7820	3
7821	3
7822	3
7823	3
7824	3
7825	3
7826	3
7827	3
7828	3
7829	3
7830	3
7831	3
7832	3
7833	3
7834	3
7835	3
7836	3
7837	3
7838	3
7839	3
7840	3
7841	3
7842	3
7843	3
7844	3
7845	3
7846	3
7847	3
7848	3
7849	3
7850	3
7851	3
7852	3
7853	3
7854	3
7855	3
7856	3
7857	3
7858	3
7859	3
7860	3
7861	3
7862	3
7863	3
7864	3
7865	3
7866	3
7867	3
7868	3
7869	3
7870	3
7871	3
7872	3
7873	3
7874	3
7875	3
7876	3
7877	3
7878	3
7879	3
7880	3
7881	3
7882	3
7883	3
7884	3
7885	3
7886	3
7887	3
7888	3
7889	3
7890	3
7891	3
7892	3
7893	3
7894	3
7895	3
7896	3
7897	3
7898	3
7899	3
7900	3
7901	3
7902	3
7903	3
7904	3
7905	3
7906	3
7907	3
7908	3
7909	3
7910	3
7911	3
7912	3
7913	3
7914	3
7915	3
7916	3
7917	3
7918	3
7919	3
7920	3
7921	3
7922	3
7923	3
7924	3
7925	3
7926	3
7927	3
7928	3
7929	3
7930	3
7931	3
7932	3
7933	3
7934	3
7935	3
7936	3
7937	3
7938	3
7939	3
7940	3
7941	3
7942	3
7943	3
7944	3
7945	3
7946	3
7947	3
7948	3
7949	3
7950	3
7951	3
7952	3
7953	3
7954	3
7955	3
7956	3
7957	3
7958	3
7959	3
7960	3
7961	3
7962	3
7963	3
7964	3
7965	3
7966	3
7967	3
7968	3
7969	3
7970	3
7971	3
7972	3
7973	3
7974	3
7975	3
7976	3
7977	3
7978	3
7979	3
7980	3
7981	3
7982	3
7983	3
7984	3
7985	3
7986	3
7987	3
7988	3
7989	3
7990	3
7991	3
7992	3
7993	3
7994	3
7995	3
7996	3
7997	3
7998	3
7999	3
8000	3
8001	3
8002	3
8003	3
8004	3
8005	3
8006	3
8007	3
8008	3
8009	3
8010	3
8011	3
8012	3
8013	3
8014	3
8015	3
8016	3
8017	3
8018	3
8019	3
8020	3
8021	3
8022	3
8023	3
8024	3
8025	3
8026	3
8027	3
8028	3
8029	3
8030	3
8031	3
8032	3
8033	3
8034	3
8035	3
8036	3
8037	3
8038	3
8039	3
8040	3
8041	3
8042	3
8043	3
8044	3
8045	3
8046	3
8047	3
8048	3
8049	3
8050	3
8051	3
8052	3
8053	3
8054	3
8055	3
8056	3
8057	3
8058	3
8059	3
8060	3
8061	3
8062	3
8063	3
8064	3
8065	3
8066	3
8067	3
8068	3
8069	3
8070	3
8071	3
8072	3
8073	3
8074	3
8075	3
8076	3
8077	3
8078	3
8079	3
8080	3
8081	3
8082	3
8083	3
8084	3
8085	3
8086	3
8087	3
8088	3
8089	3
8090	3
8091	3
8092	3
8093	3
8094	3
8095	3
8096	3
8097	3
8098	3
8099	3
8100	3
8101	3
8102	3
8103	3
8104	3
8105	3
8106	3
8107	3
8108	3
8109	3
8110	3
8111	3
8112	3
8113	3
8114	3
8115	3
8116	3
8117	3
8118	3
8119	3
8120	3
8121	3
8122	3
8123	3
8124	3
8125	3
8126	3
8127	3
8128	3
8129	3
8130	3
8131	3
8132	3
8133	3
8134	3
8135	3
8136	3
8137	3
8138	3
8139	3
8140	3
8141	3
8142	3
8143	3
8144	3
8145	3
8146	3
8147	3
8148	3
8149	3
8150	3
8151	3
8152	3
8153	3
8154	3
8155	3
8156	3
8157	3
8158	3
8159	3
8160	3
8161	3
8162	3
8163	3
8164	3
8165	3
8166	3
8167	3
8168	3
8169	3
8170	3
8171	3
8172	3
8173	3
8174	3
8175	3
8176	3
8177	3
8178	3
8179	3
8180	3
8181	3
8182	3
8183	3
8184	3
8185	3
8186	3
8187	3
8188	3
8189	3
8190	3
8191	3
8192	3
8193	3
8194	3
8195	3
8196	3
8197	3
8198	3
8199	3
8200	3
8201	3
8202	3
8203	3
8204	3
8205	3
8206	3
8207	3
8208	3
8209	3
8210	3
8211	3
8212	3
8213	3
8214	3
8215	3
8216	3
8217	3
8218	3
8219	3
8220	3
8221	3
8222	3
8223	3
8224	3
8225	3
8226	3
8227	3
8228	3
8229	3
8230	3
8231	3
8232	3
8233	3
8234	3
8235	3
8236	3
8237	3
8238	3
8239	3
8240	3
8241	3
8242	3
8243	3
8244	3
8245	3
8246	3
8247	3
8248	3
8249	3
8250	3
8251	3
8252	3
8253	3
8254	3
8255	3
8256	3
8257	3
8258	3
8259	3
8260	3
8261	3
8262	3
8263	3
8264	3
8265	3
8266	3
8267	3
8268	3
8269	3
8270	3
8271	3
8272	3
8273	3
8274	3
8275	3
8276	3
8277	3
8278	3
8279	3
8280	3
8281	3
8282	3
8283	3
8284	3
8285	3
8286	3
8287	3
8288	3
8289	3
8290	3
8291	3
8292	3
8293	3
8294	3
8295	3
8296	3
8297	3
8298	3
8299	3
8300	3
8301	3
8302	3
8303	3
8304	3
8305	3
8306	3
8307	3
8308	3
8309	3
8310	3
8311	3
8312	3
8313	3
8314	3
8315	3
8316	3
8317	3
8318	3
8319	3
8320	3
8321	3
8322	3
8323	3
8324	3
8325	3
8326	3
8327	3
8328	3
8329	3
8330	3
8331	3
8332	3
8333	3
8334	3
8335	3
8336	3
8337	3
8338	3
8339	3
8340	3
8341	3
8342	3
8343	3
8344	3
8345	3
8346	3
8347	3
8348	3
8349	3
8350	3
8351	3
8352	3
8353	3
8354	3
8355	3
8356	3
8357	3
8358	3
8359	3
8360	3
8361	3
8362	3
8363	3
8364	3
8365	3
8366	3
8367	3
8368	3
8369	3
8370	3
8371	3
8372	3
8373	3
8374	3
8375	3
8376	3
8377	3
8378	3
8379	3
8380	3
8381	3
8382	3
8383	3
8384	3
8385	3
8386	3
8387	3
8388	3
8389	3
8390	3
8391	3
8392	3
8393	3
8394	3
8395	3
8396	3
8397	3
8398	3
8399	3
8400	3
8401	3
8402	3
8403	3
8404	3
8405	3
8406	3
8407	3
8408	3
8409	3
8410	3
8411	3
8412	3
8413	3
8414	3
8415	3
8416	3
8417	3
8418	3
8419	3
8420	3
8421	3
8422	3
8423	3
8424	3
8425	3
8426	3
8427	3
8428	3
8429	3
8430	3
8431	3
8432	3
8433	3
8434	3
8435	3
8436	3
8437	3
8438	3
8439	3
8440	3
8441	3
8442	3
8443	3
8444	3
8445	3
8446	3
8447	3
8448	3
8449	3
8450	3
8451	3
8452	3
8453	3
8454	3
8455	3
8456	3
8457	3
8458	3
8459	3
8460	3
8461	3
8462	3
8463	3
8464	3
8465	3
8466	3
8467	3
8468	3
8469	3
8470	3
8471	3
8472	3
8473	3
8474	3
8475	3
8476	3
8477	3
8478	3
8479	3
8480	3
8481	3
8482	3
8483	3
8484	3
8485	3
8486	3
8487	3
8488	3
8489	3
8490	3
8491	3
8492	3
8493	3
8494	3
8495	3
8496	3
8497	3
8498	3
8499	3
8500	3
8501	3
8502	3
8503	3
8504	3
8505	3
8506	3
8507	3
8508	3
8509	3
8510	3
8511	3
8512	3
8513	3
8514	3
8515	3
8516	3
8517	3
8518	3
8519	3
8520	3
8521	3
8522	3
8523	3
8524	3
8525	3
8526	3
8527	3
8528	3
8529	3
8530	3
8531	3
8532	3
8533	3
8534	3
8535	3
8536	3
8537	3
8538	3
8539	3
8540	3
8541	3
8542	3
8543	3
8544	3
8545	3
8546	3
8547	3
8548	3
8549	3
8550	3
8551	3
8552	3
8553	3
8554	3
8555	3
8556	3
8557	3
8558	3
8559	3
8560	3
8561	3
8562	3
8563	3
8564	3
8565	3
8566	3
8567	3
8568	3
8569	3
8570	3
8571	3
8572	3
8573	3
8574	3
8575	3
8576	3
8577	3
8578	3
8579	3
8580	3
8581	3
8582	3
8583	3
8584	3
8585	3
8586	3
8587	3
8588	3
8589	3
8590	3
8591	3
8592	3
8593	3
8594	3
8595	3
8596	3
8597	3
8598	3
8599	3
8600	3
8601	3
8602	3
8603	3
8604	3
8605	3
8606	3
8607	3
8608	3
8609	3
8610	3
8611	3
8612	3
8613	3
8614	3
8615	3
8616	3
8617	3
8618	3
8619	3
8620	3
8621	3
8622	3
8623	3
8624	3
8625	3
8626	3
8627	3
8628	3
8629	3
8630	3
8631	3
8632	3
8633	3
8634	3
8635	3
8636	3
8637	3
8638	3
8639	3
8640	3
8641	3
8642	3
8643	3
8644	3
8645	3
8646	3
8647	3
8648	3
8649	3
8650	3
8651	3
8652	3
8653	3
8654	3
8655	3
8656	3
8657	3
8658	3
8659	3
8660	3
8661	3
8662	3
8663	3
8664	3
8665	3
8666	3
8667	3
8668	3
8669	3
8670	3
8671	3
8672	3
8673	3
8674	3
8675	3
8676	3
8677	3
8678	3
8679	3
8680	3
8681	3
8682	3
8683	3
8684	3
8685	3
8686	3
8687	3
8688	3
8689	3
8690	3
8691	3
8692	3
8693	3
8694	3
8695	3
8696	3
8697	3
8698	3
8699	3
8700	3
8701	3
8702	3
8703	3
8704	3
8705	3
8706	3
8707	3
8708	3
8709	3
8710	3
8711	3
8712	3
8713	3
8714	3
8715	3
8716	3
8717	3
8718	3
8719	3
8720	3
8721	3
8722	3
8723	3
8724	3
8725	3
8726	3
8727	3
8728	3
8729	3
8730	3
8731	3
8732	3
8733	3
8734	3
8735	3
8736	3
8737	3
8738	3
8739	3
8740	3
8741	3
8742	3
8743	3
8744	3
8745	3
8746	3
8747	3
8748	3
8749	3
8750	3
8751	3
8752	3
8753	3
8754	3
8755	3
8756	3
8757	3
8758	3
8759	3
8760	3
8761	3
8762	3
8763	3
8764	3
8765	3
8766	3
8767	3
8768	3
8769	3
8770	3
8771	3
8772	3
8773	3
8774	3
8775	3
8776	3
8777	3
8778	3
8779	3
8780	3
8781	3
8782	3
8783	3
8784	3
8785	3
8786	3
8787	3
8788	3
8789	3
8790	3
8791	3
8792	3
8793	3
8794	3
8795	3
8796	3
8797	3
8798	3
8799	3
8800	3
8801	3
8802	3
8803	3
8804	3
8805	3
8806	3
8807	3
8808	3
8809	3
8810	3
8811	3
8812	3
8813	3
8814	3
8815	3
8816	3
8817	3
8818	3
8819	3
8820	3
8821	3
8822	3
8823	3
8824	3
8825	3
8826	3
8827	3
8828	3
8829	3
8830	3
8831	3
8832	3
8833	3
8834	3
8835	3
8836	3
8837	3
8838	3
8839	3
8840	3
8841	3
8842	3
8843	3
8844	3
8845	3
8846	3
8847	3
8848	3
8849	3
8850	3
8851	3
8852	3
8853	3
8854	3
8855	3
8856	3
8857	3
8858	3
8859	3
8860	3
8861	3
8862	3
8863	3
8864	3
8865	3
8866	3
8867	3
8868	3
8869	3
8870	3
8871	3
8872	3
8873	3
8874	3
8875	3
8876	3
8877	3
8878	3
8879	3
8880	3
8881	3
8882	3
8883	3
8884	3
8885	3
8886	3
8887	3
8888	3
8889	3
8890	3
8891	3
8892	3
8893	3
8894	3
8895	3
8896	3
8897	3
8898	3
8899	3
8900	3
8901	3
8902	3
8903	3
8904	3
8905	3
8906	3
8907	3
8908	3
8909	3
8910	3
8911	3
8912	3
8913	3
8914	3
8915	3
8916	3
8917	3
8918	3
8919	3
8920	3
8921	3
8922	3
8923	3
8924	3
8925	3
8926	3
8927	3
8928	3
8929	3
8930	3
8931	3
8932	3
8933	3
8934	3
8935	3
8936	3
8937	3
8938	3
8939	3
8940	3
8941	3
8942	3
8943	3
8944	3
8945	3
8946	3
8947	3
8948	3
8949	3
8950	3
8951	3
8952	3
8953	3
8954	3
8955	3
8956	3
8957	3
8958	3
8959	3
8960	3
8961	3
8962	3
8963	3
8964	3
8965	3
8966	3
8967	3
8968	3
8969	3
8970	3
8971	3
8972	3
8973	3
8974	3
8975	3
8976	3
8977	3
8978	3
8979	3
8980	3
8981	3
8982	3
8983	3
8984	3
8985	3
8986	3
8987	3
8988	3
8989	3
8990	3
8991	3
8992	3
8993	3
8994	3
8995	3
8996	3
8997	3
8998	3
8999	3
9000	3
9001	3
9002	3
9003	3
9004	3
9005	3
9006	3
9007	3
9008	3
9009	3
9010	3
9011	3
9012	3
9013	3
9014	3
9015	3
9016	3
9017	3
9018	3
9019	3
9020	3
9021	3
9022	3
9023	3
9024	3
9025	3
9026	3
9027	3
9028	3
9029	3
9030	3
9031	3
9032	3
9033	3
9034	3
9035	3
9036	3
9037	3
9038	3
9039	3
9040	3
9041	3
9042	3
9043	3
9044	3
9045	3
9046	3
9047	3
9048	3
9049	3
9050	3
9051	3
9052	3
9053	3
9054	3
9055	3
9056	3
9057	3
9058	3
9059	3
9060	3
9061	3
9062	3
9063	3
9064	3
9065	3
9066	3
9067	3
9068	3
9069	3
9070	3
9071	3
9072	3
9073	3
9074	3
9075	3
9076	3
9077	3
9078	3
9079	3
9080	3
9081	3
9082	3
9083	3
9084	3
9085	3
9086	3
9087	3
9088	3
9089	3
9090	3
9091	3
9092	3
9093	3
9094	3
9095	3
9096	3
9097	3
9098	3
9099	3
9100	3
9101	3
9102	3
9103	3
9104	3
9105	3
9106	3
9107	3
9108	3
9109	3
9110	3
9111	3
9112	3
9113	3
9114	3
9115	3
9116	3
9117	3
9118	3
9119	3
9120	3
9121	3
9122	3
9123	3
9124	3
9125	3
9126	3
9127	3
9128	3
9129	3
9130	3
9131	3
9132	3
9133	3
9134	3
9135	3
9136	3
9137	3
9138	3
9139	3
9140	3
9141	3
9142	3
9143	3
9144	3
9145	3
9146	3
9147	3
9148	3
9149	3
9150	3
9151	3
9152	3
9153	3
9154	3
9155	3
9156	3
9157	3
9158	3
9159	3
9160	3
9161	3
9162	3
9163	3
9164	3
9165	3
9166	3
9167	3
9168	3
9169	3
9170	3
9171	3
9172	3
9173	3
9174	3
9175	3
9176	3
9177	3
9178	3
9179	3
9180	3
9181	3
9182	3
9183	3
9184	3
9185	3
9186	3
9187	3
9188	3
9189	3
9190	3
9191	3
9192	3
9193	3
9194	3
9195	3
9196	3
9197	3
9198	3
9199	3
9200	3
9201	3
9202	3
9203	3
9204	3
9205	3
9206	3
9207	3
9208	3
9209	3
9210	3
9211	3
9212	3
9213	3
9214	3
9215	3
9216	3
9217	3
9218	3
9219	3
9220	3
9221	3
9222	3
9223	3
9224	3
9225	3
9226	3
9227	3
9228	3
9229	3
9230	3
9231	3
9232	3
9233	3
9234	3
9235	3
9236	3
9237	3
9238	3
9239	3
9240	3
9241	3
9242	3
9243	3
9244	3
9245	3
9246	3
9247	3
9248	3
9249	3
9250	3
9251	3
9252	3
9253	3
9254	3
9255	3
9256	3
9257	3
9258	3
9259	3
9260	3
9261	3
9262	3
9263	3
9264	3
9265	3
9266	3
9267	3
9268	3
9269	3
9270	3
9271	3
9272	3
9273	3
9274	3
9275	3
9276	3
9277	3
9278	3
9279	3
9280	3
9281	3
9282	3
9283	3
9284	3
9285	3
9286	3
9287	3
9288	3
9289	3
9290	3
9291	3
9292	3
9293	3
9294	3
9295	3
9296	3
9297	3
9298	3
9299	3
9300	3
9301	3
9302	3
9303	3
9304	3
9305	3
9306	3
9307	3
9308	3
9309	3
9310	3
9311	3
9312	3
9313	3
9314	3
9315	3
9316	3
9317	3
9318	3
9319	3
9320	3
9321	3
9322	3
9323	3
9324	3
9325	3
9326	3
9327	3
9328	3
9329	3
9330	3
9331	3
9332	3
9333	3
9334	3
9335	3
9336	3
9337	3
9338	3
9339	3
9340	3
9341	3
9342	3
9343	3
9344	3
9345	3
9346	3
9347	3
9348	3
9349	3
9350	3
9351	3
9352	3
9353	3
9354	3
9355	3
9356	3
9357	3
9358	3
9359	3
9360	3
9361	3
9362	3
9363	3
9364	3
9365	3
9366	3
9367	3
9368	3
9369	3
9370	3
9371	3
9372	3
9373	3
9374	3
9375	3
9376	3
9377	3
9378	3
9379	3
9380	3
9381	3
9382	3
9383	3
9384	3
9385	3
9386	3
9387	3
9388	3
9389	3
9390	3
9391	3
9392	3
9393	3
9394	3
9395	3
9396	3
9397	3
9398	3
9399	3
9400	3
9401	3
9402	3
9403	3
9404	3
9405	3
9406	3
9407	3
9408	3
9409	3
9410	3
9411	3
9412	3
9413	3
9414	3
9415	3
9416	3
9417	3
9418	3
9419	3
9420	3
9421	3
9422	3
9423	3
9424	3
9425	3
9426	3
9427	3
9428	3
9429	3
9430	3
9431	3
9432	3
9433	3
9434	3
9435	3
9436	3
9437	3
9438	3
9439	3
9440	3
9441	3
9442	3
9443	3
9444	3
9445	3
9446	3
9447	3
9448	3
9449	3
9450	3
9451	3
9452	3
9453	3
9454	3
9455	3
9456	3
9457	3
9458	3
9459	3
9460	3
9461	3
9462	3
9463	3
9464	3
9465	3
9466	3
9467	3
9468	3
9469	3
9470	3
9471	3
9472	3
9473	3
9474	3
9475	3
9476	3
9477	3
9478	3
9479	3
9480	3
9481	3
9482	3
9483	3
9484	3
9485	3
9486	3
9487	3
9488	3
9489	3
9490	3
9491	3
9492	3
9493	3
9494	3
9495	3
9496	3
9497	3
9498	3
9499	3
9500	3
9501	3
9502	3
9503	3
9504	3
9505	3
9506	3
9507	3
9508	3
9509	3
9510	3
9511	3
9512	3
9513	3
9514	3
9515	3
9516	3
9517	3
9518	3
9519	3
9520	3
9521	3
9522	3
9523	3
9524	3
9525	3
9526	3
9527	3
9528	3
9529	3
9530	3
9531	3
9532	3
9533	3
9534	3
9535	3
9536	3
9537	3
9538	3
9539	3
9540	3
9541	3
9542	3
9543	3
9544	3
9545	3
9546	3
9547	3
9548	3
9549	3
9550	3
9551	3
9552	3
9553	3
9554	3
9555	3
9556	3
9557	3
9558	3
9559	3
9560	3
9561	3
9562	3
9563	3
9564	3
9565	3
9566	3
9567	3
9568	3
9569	3
9570	3
9571	3
9572	3
9573	3
9574	3
9575	3
9576	3
9577	3
9578	3
9579	3
9580	3
9581	3
9582	3
9583	3
9584	3
9585	3
9586	3
9587	3
9588	3
9589	3
9590	3
9591	3
9592	3
9593	3
9594	3
9595	3
9596	3
9597	3
9598	3
9599	3
9600	3
9601	3
9602	3
9603	3
9604	3
9605	3
9606	3
9607	3
9608	3
9609	3
9610	3
9611	3
9612	3
9613	3
9614	3
9615	3
9616	3
9617	3
9618	3
9619	3
9620	3
9621	3
9622	3
9623	3
9624	3
9625	3
9626	3
9627	3
9628	3
9629	3
9630	3
9631	3
9632	3
9633	3
9634	3
9635	3
9636	3
9637	3
9638	3
9639	3
9640	3
9641	3
9642	3
9643	3
9644	3
9645	3
9646	3
9647	3
9648	3
9649	3
9650	3
9651	3
9652	3
9653	3
9654	3
9655	3
9656	3
9657	3
9658	3
9659	3
9660	3
9661	3
9662	3
9663	3
9664	3
9665	3
9666	3
9667	3
9668	3
9669	3
9670	3
9671	3
9672	3
9673	3
9674	3
9675	3
9676	3
9677	3
9678	3
9679	3
9680	3
9681	3
9682	3
9683	3
9684	3
9685	3
9686	3
9687	3
9688	3
9689	3
9690	3
9691	3
9692	3
9693	3
9694	3
9695	3
9696	3
9697	3
9698	3
9699	3
9700	3
9701	3
9702	3
9703	3
9704	3
9705	3
9706	3
9707	3
9708	3
9709	3
9710	3
9711	3
9712	3
9713	3
9714	3
9715	3
9716	3
9717	3
9718	3
9719	3
9720	3
9721	3
9722	3
9723	3
9724	3
9725	3
9726	3
9727	3
9728	3
9729	3
9730	3
9731	3
9732	3
9733	3
9734	3
9735	3
9736	3
9737	3
9738	3
9739	3
9740	3
9741	3
9742	3
9743	3
9744	3
9745	3
9746	3
9747	3
9748	3
9749	3
9750	3
9751	3
9752	3
9753	3
9754	3
9755	3
9756	3
9757	3
9758	3
9759	3
9760	3
9761	3
9762	3
9763	3
9764	3
9765	3
9766	3
9767	3
9768	3
9769	3
9770	3
9771	3
9772	3
9773	3
9774	3
9775	3
9776	3
9777	3
9778	3
9779	3
9780	3
9781	3
9782	3
9783	3
9784	3
9785	3
9786	3
9787	3
9788	3
9789	3
9790	3
9791	3
9792	3
9793	3
9794	3
9795	3
9796	3
9797	3
9798	3
9799	3
9800	3
9801	3
9802	3
9803	3
9804	3
9805	3
9806	3
9807	3
9808	3
9809	3
9810	3
9811	3
9812	3
9813	3
9814	3
9815	3
9816	3
9817	3
9818	3
9819	3
9820	3
9821	3
9822	3
9823	3
9824	3
9825	3
9826	3
